34.171 7.20535e-07 3.01285e-09
44.3332 4.98253e-07 1.28306e-09
57.5177 3.50721e-07 8.16235e-10
74.6231 2.16173e-07 4.9908e-10
96.8155 1.20393e-07 2.91324e-10
125.608 6.84114e-08 1.71458e-10
162.963 3.64662e-08 1.10401e-10
211.427 1.81576e-08 5.95847e-11
274.305 8.95083e-09 4.07306e-11
355.881 4.70377e-09 2.3297e-11
461.718 2.48916e-09 1.67315e-11
599.03 1.21768e-09 9.09652e-12
777.179 5.75969e-10 6.3134e-12
1008.31 2.83856e-10 3.44291e-12
1308.17 1.46709e-10 2.53458e-12
1697.21 6.92743e-11 1.32357e-12
2201.96 3.19535e-11 8.72931e-13
2856.81 1.91226e-11 5.34831e-13
3706.4 1.52741e-11 4.0074e-13
4808.67 9.73372e-12 2.55695e-13
6238.74 5.55185e-12 1.56793e-13
8094.1 3.83429e-12 1.10734e-13
10501.2 2.16467e-12 6.90758e-14
13624.2 1.28737e-12 4.24352e-14
17676 7.66035e-13 2.91536e-14
22932.8 4.10688e-13 1.62918e-14
29752.8 2.48125e-13 1.16753e-14
38601.2 1.4019e-13 7.09524e-15
50080.9 6.85874e-14 4.70254e-15
64974.7 3.05298e-14 2.36276e-15
84297.8 1.35813e-14 1.61609e-15
109367 6.72177e-15 9.03573e-16
141893 3.46582e-15 7.03349e-16
184091 1.49267e-15 3.69296e-16
238838 6.30302e-16 2.80678e-16
309868 2.11033e-16 1.18333e-16
402020 4.82398e-17 5.0739e-17
521579 3.11517e-17 3.27133e-17
676694 5.08372e-17 2.70285e-17
877938 7.27041e-17 5.49349e-17
