34.171 2.84333e-06 4.28586e-09
44.3332 1.30531e-06 1.26819e-09
57.5177 5.94966e-07 8.10257e-10
74.6231 2.82013e-07 4.11461e-10
96.8155 1.40254e-07 2.59018e-10
125.608 7.86801e-08 1.52136e-10
162.963 4.63889e-08 1.04583e-10
211.427 2.48812e-08 5.99475e-11
274.305 1.31357e-08 4.20324e-11
355.881 6.74478e-09 2.37194e-11
461.718 3.3308e-09 1.66399e-11
599.03 1.71135e-09 9.34842e-12
777.179 8.8957e-10 6.67517e-12
1008.31 4.65974e-10 3.78823e-12
1308.17 2.49064e-10 2.70442e-12
1697.21 1.21308e-10 1.42203e-12
2201.96 6.24275e-11 9.70555e-13
2856.81 3.77681e-11 6.08591e-13
3706.4 2.45041e-11 4.23696e-13
4808.67 1.44854e-11 2.56047e-13
6238.74 8.42308e-12 1.64394e-13
8094.1 5.44468e-12 1.09118e-13
10501.2 3.16136e-12 7.06238e-14
13624.2 1.87461e-12 4.34037e-14
17676 1.10543e-12 2.99658e-14
22932.8 6.01955e-13 1.7141e-14
29752.8 3.48916e-13 1.21885e-14
38601.2 1.98127e-13 7.42703e-15
50080.9 1.00063e-13 4.97846e-15
64974.7 5.04369e-14 2.69483e-15
84297.8 2.85711e-14 1.98349e-15
109367 1.6197e-14 1.20675e-15
141893 7.93217e-15 7.70581e-16
184091 4.35217e-15 4.39493e-16
238838 3.253e-15 3.62117e-16
309868 1.95332e-15 2.26419e-16
402020 8.65152e-16 1.21117e-16
521579 5.08279e-16 7.14112e-17
676694 3.78092e-16 4.58412e-17
877938 2.69995e-16 5.20832e-17
