34.171 8.09599e-07 2.64968e-09
44.3332 5.5114e-07 1.11057e-09
57.5177 3.81428e-07 6.91673e-10
74.6231 2.3765e-07 4.2501e-10
96.8155 1.32943e-07 2.39674e-10
125.608 7.62384e-08 1.40538e-10
162.963 4.28177e-08 9.11297e-11
211.427 2.16396e-08 4.97073e-11
274.305 1.05051e-08 3.3416e-11
355.881 5.50787e-09 1.90813e-11
461.718 2.89292e-09 1.36393e-11
599.03 1.42394e-09 7.35159e-12
777.179 7.13817e-10 5.13937e-12
1008.31 3.75186e-10 2.93797e-12
1308.17 1.9486e-10 2.06215e-12
1697.21 9.80788e-11 1.12914e-12
2201.96 4.59503e-11 7.21034e-13
2856.81 2.74712e-11 4.41762e-13
3706.4 2.06472e-11 3.22429e-13
4808.67 1.3463e-11 2.11198e-13
6238.74 8.07236e-12 1.34757e-13
8094.1 5.04703e-12 8.64992e-14
10501.2 2.83511e-12 5.53823e-14
13624.2 1.64353e-12 3.34277e-14
17676 9.61428e-13 2.32032e-14
22932.8 5.13834e-13 1.30528e-14
29752.8 2.89058e-13 9.04562e-15
38601.2 1.66869e-13 5.61997e-15
50080.9 8.14404e-14 3.67856e-15
64974.7 3.94549e-14 1.93769e-15
84297.8 2.16031e-14 1.44592e-15
109367 1.12869e-14 8.42922e-16
141893 5.28628e-15 5.86041e-16
184091 2.22143e-15 2.93174e-16
238838 8.18141e-16 1.86067e-16
309868 3.68505e-16 9.01297e-17
402020 1.97027e-16 5.92047e-17
521579 1.3032e-16 3.90257e-17
676694 1.08873e-16 2.53602e-17
877938 8.74899e-17 3.20251e-17
