34.171 2.19818e-06 3.70413e-09
44.3332 1.0544e-06 1.14502e-09
57.5177 5.01394e-07 7.62402e-10
74.6231 2.52084e-07 4.07282e-10
96.8155 1.34513e-07 2.64396e-10
125.608 7.81294e-08 1.59386e-10
162.963 4.70753e-08 1.08314e-10
211.427 2.49107e-08 6.1076e-11
274.305 1.25602e-08 4.09264e-11
355.881 6.40456e-09 2.2974e-11
461.718 3.14408e-09 1.61125e-11
599.03 1.51522e-09 8.719e-12
777.179 7.24238e-10 6.25142e-12
1008.31 3.42432e-10 3.27522e-12
1308.17 1.75991e-10 2.39944e-12
1697.21 9.21535e-11 1.36843e-12
2201.96 4.59759e-11 9.23063e-13
2856.81 2.58815e-11 5.33507e-13
3706.4 1.9295e-11 3.93979e-13
4808.67 1.32372e-11 2.71433e-13
6238.74 7.80335e-12 1.6679e-13
8094.1 5.13167e-12 1.12024e-13
10501.2 2.93066e-12 7.16485e-14
13624.2 1.6946e-12 4.29194e-14
17676 9.85123e-13 2.90644e-14
22932.8 5.53252e-13 1.69482e-14
29752.8 3.41495e-13 1.20899e-14
38601.2 1.90586e-13 7.18985e-15
50080.9 9.29964e-14 4.61885e-15
64974.7 4.80983e-14 2.56775e-15
84297.8 2.72438e-14 1.90162e-15
109367 1.42549e-14 1.07479e-15
141893 7.15581e-15 7.21456e-16
184091 4.16556e-15 4.42334e-16
238838 2.66798e-15 3.34137e-16
309868 1.55095e-15 2.01243e-16
402020 8.50297e-16 1.25077e-16
521579 5.48507e-16 8.04882e-17
676694 4.03804e-16 5.09049e-17
877938 2.90609e-16 5.82604e-17
