34.171 2.13741e-06 2.46202e-09
44.3332 1.02911e-06 7.62838e-10
57.5177 4.90232e-07 5.0437e-10
74.6231 2.51722e-07 2.74096e-10
96.8155 1.37538e-07 1.79001e-10
125.608 7.80007e-08 1.0527e-10
162.963 4.73673e-08 7.23664e-11
211.427 2.58683e-08 4.23051e-11
274.305 1.29004e-08 2.85138e-11
355.881 6.58708e-09 1.59608e-11
461.718 3.38441e-09 1.15001e-11
599.03 1.69781e-09 6.39146e-12
777.179 8.29231e-10 4.50396e-12
1008.31 4.1871e-10 2.49394e-12
1308.17 2.17572e-10 1.79352e-12
1697.21 1.1092e-10 9.93883e-13
2201.96 5.41025e-11 6.54842e-13
2856.81 3.19556e-11 3.98005e-13
3706.4 2.28857e-11 2.87588e-13
4808.67 1.489e-11 1.88791e-13
6238.74 9.20883e-12 1.23807e-13
8094.1 5.59339e-12 7.70031e-14
10501.2 3.31941e-12 5.13945e-14
13624.2 1.91633e-12 3.09624e-14
17676 1.07214e-12 2.09406e-14
22932.8 5.99444e-13 1.23734e-14
29752.8 3.36403e-13 8.65799e-15
38601.2 1.77099e-13 4.93372e-15
50080.9 8.77495e-14 3.34074e-15
64974.7 4.36476e-14 1.83429e-15
84297.8 2.161e-14 1.30131e-15
109367 1.03702e-14 7.08493e-16
141893 5.01493e-15 5.29276e-16
184091 1.91437e-15 2.63077e-16
238838 5.76799e-16 1.57311e-16
309868 2.03702e-16 6.92795e-17
402020 7.49143e-17 4.68121e-17
521579 3.6721e-17 2.36929e-17
676694 2.40344e-17 1.41814e-17
877938 1.49273e-17 1.40948e-17
