34.171 1.83234e-06 6.55624e-09
44.3332 9.91398e-07 2.22387e-09
57.5177 5.33404e-07 1.35283e-09
74.6231 2.85073e-07 7.40412e-10
96.8155 1.54388e-07 4.32628e-10
125.608 8.49764e-08 2.46302e-10
162.963 4.67759e-08 1.59894e-10
211.427 2.40528e-08 8.84645e-11
274.305 1.20337e-08 6.01489e-11
355.881 6.29424e-09 3.39797e-11
461.718 3.28127e-09 2.34268e-11
599.03 1.71115e-09 1.30198e-11
777.179 9.23143e-10 8.82723e-12
1008.31 5.24013e-10 5.26654e-12
1308.17 2.94466e-10 3.53452e-12
1697.21 1.53363e-10 1.93884e-12
2201.96 8.22201e-11 1.28104e-12
2856.81 4.75834e-11 7.65085e-13
3706.4 3.08149e-11 5.353e-13
4808.67 1.98234e-11 3.51846e-13
6238.74 1.17542e-11 2.28495e-13
8094.1 7.2741e-12 1.4607e-13
10501.2 4.06829e-12 9.48154e-14
13624.2 2.25136e-12 5.53084e-14
17676 1.2552e-12 3.86148e-14
22932.8 6.24306e-13 2.05033e-14
29752.8 3.34466e-13 1.41624e-14
38601.2 1.93582e-13 8.82162e-15
50080.9 1.00395e-13 6.05034e-15
64974.7 4.7775e-14 3.15886e-15
84297.8 2.47545e-14 2.31362e-15
109367 1.22606e-14 1.31392e-15
141893 4.60241e-15 7.85321e-16
184091 1.99119e-15 3.74427e-16
238838 1.25985e-15 3.27763e-16
309868 6.51083e-16 1.88138e-16
402020 2.40278e-16 1.01288e-16
521579 1.33222e-16 5.72714e-17
676694 1.07593e-16 4.13188e-17
877938 8.14848e-17 4.99638e-17
