34.171 7.69152e-07 4.06064e-09
44.3332 5.45904e-07 1.76629e-09
57.5177 3.93828e-07 1.05699e-09
74.6231 2.39611e-07 6.26949e-10
96.8155 1.28139e-07 3.45152e-10
125.608 7.16237e-08 1.98988e-10
162.963 3.91929e-08 1.30081e-10
211.427 2.05547e-08 7.30799e-11
274.305 1.08067e-08 5.10831e-11
355.881 5.75058e-09 2.94738e-11
461.718 2.94938e-09 2.04266e-11
599.03 1.49618e-09 1.11824e-11
777.179 7.7284e-10 7.62415e-12
1008.31 4.21773e-10 4.40494e-12
1308.17 2.33991e-10 2.97497e-12
1697.21 1.23125e-10 1.65092e-12
2201.96 6.71839e-11 1.10872e-12
2856.81 3.85509e-11 6.60737e-13
3706.4 2.31845e-11 4.47484e-13
4808.67 1.42867e-11 2.83824e-13
6238.74 8.66044e-12 1.92299e-13
8094.1 5.15014e-12 1.18853e-13
10501.2 2.80143e-12 7.67511e-14
13624.2 1.61639e-12 4.63547e-14
17676 9.44883e-13 3.24435e-14
22932.8 5.11452e-13 1.86216e-14
29752.8 2.75106e-13 1.27337e-14
38601.2 1.4632e-13 7.3421e-15
50080.9 7.41086e-14 5.08305e-15
64974.7 3.66335e-14 2.78809e-15
84297.8 1.79504e-14 1.99153e-15
109367 8.30434e-15 1.03366e-15
141893 3.93452e-15 7.30302e-16
184091 2.07619e-15 4.34383e-16
238838 1.17097e-15 3.69146e-16
309868 3.84012e-16 1.53694e-16
402020 6.96528e-17 5.35472e-17
521579 4.06678e-17 3.1366e-17
676694 6.45523e-17 2.84945e-17
877938 8.86277e-17 5.78872e-17
