34.171 9.80699e-07 4.35751e-09
44.3332 6.21423e-07 1.70842e-09
57.5177 3.96884e-07 1.05755e-09
74.6231 2.3597e-07 6.28094e-10
96.8155 1.32623e-07 3.6126e-10
125.608 7.63875e-08 2.1253e-10
162.963 4.31177e-08 1.36172e-10
211.427 2.18725e-08 7.38608e-11
274.305 1.0705e-08 4.85928e-11
355.881 5.47842e-09 2.72703e-11
461.718 2.72052e-09 1.90359e-11
599.03 1.26015e-09 9.84278e-12
777.179 5.96808e-10 6.88813e-12
1008.31 3.01779e-10 3.81514e-12
1308.17 1.58602e-10 2.74955e-12
1697.21 8.10199e-11 1.52647e-12
2201.96 3.96282e-11 1.01007e-12
2856.81 2.27366e-11 5.92387e-13
3706.4 1.72525e-11 4.28675e-13
4808.67 1.25107e-11 3.10982e-13
6238.74 7.34592e-12 1.92037e-13
8094.1 4.35879e-12 1.17267e-13
10501.2 2.4726e-12 7.74606e-14
13624.2 1.4025e-12 4.57547e-14
17676 8.07527e-13 3.0958e-14
22932.8 4.59568e-13 1.83568e-14
29752.8 2.68298e-13 1.25739e-14
38601.2 1.46007e-13 7.33694e-15
50080.9 7.21242e-14 4.86728e-15
64974.7 3.6252e-14 2.70983e-15
84297.8 1.78147e-14 1.93725e-15
109367 7.94231e-15 9.90999e-16
141893 3.72383e-15 7.38011e-16
184091 1.72954e-15 4.03988e-16
238838 6.58211e-16 2.57555e-16
309868 2.57289e-16 1.14646e-16
402020 1.05392e-16 7.17529e-17
521579 6.66308e-17 4.55458e-17
676694 6.41344e-17 3.08995e-17
877938 5.76704e-17 4.30215e-17
