34.171 2.05864e-06 3.68114e-09
44.3332 1.05135e-06 1.19363e-09
57.5177 5.35377e-07 7.68145e-10
74.6231 2.68102e-07 4.06621e-10
96.8155 1.35007e-07 2.51284e-10
125.608 7.62854e-08 1.48568e-10
162.963 4.49874e-08 1.03154e-10
211.427 2.45238e-08 6.00338e-11
274.305 1.32356e-08 4.26985e-11
355.881 6.92597e-09 2.447e-11
461.718 3.45288e-09 1.71503e-11
599.03 1.79784e-09 9.74386e-12
777.179 9.34861e-10 6.92112e-12
1008.31 4.7755e-10 3.79367e-12
1308.17 2.59358e-10 2.64561e-12
1697.21 1.38356e-10 1.50256e-12
2201.96 7.34762e-11 1.00774e-12
2856.81 4.14492e-11 5.9063e-13
3706.4 2.60532e-11 4.13915e-13
4808.67 1.5649e-11 2.55033e-13
6238.74 9.41942e-12 1.68953e-13
8094.1 6.0907e-12 1.12744e-13
10501.2 3.32589e-12 7.08617e-14
13624.2 1.97226e-12 4.37684e-14
17676 1.15752e-12 3.03943e-14
22932.8 6.15851e-13 1.69488e-14
29752.8 3.68164e-13 1.22315e-14
38601.2 2.09396e-13 7.47445e-15
50080.9 1.02151e-13 4.88935e-15
64974.7 5.07322e-14 2.63408e-15
84297.8 2.72774e-14 1.91291e-15
109367 1.45172e-14 1.0956e-15
141893 7.87112e-15 7.75012e-16
184091 4.43492e-15 4.63166e-16
238838 2.60535e-15 3.35712e-16
309868 1.53441e-15 2.04168e-16
402020 8.7242e-16 1.25881e-16
521579 5.85074e-16 8.3305e-17
676694 4.60764e-16 5.21049e-17
877938 3.53179e-16 6.29329e-17
