34.171 1.33615e-06 3.04453e-09
44.3332 7.41696e-07 1.06678e-09
57.5177 4.11622e-07 7.13171e-10
74.6231 2.2362e-07 4.04049e-10
96.8155 1.21224e-07 2.55273e-10
125.608 6.92101e-08 1.51859e-10
162.963 3.92703e-08 1.0153e-10
211.427 2.01554e-08 5.60057e-11
274.305 1.00833e-08 3.79231e-11
355.881 5.29676e-09 2.17381e-11
461.718 2.74411e-09 1.5524e-11
599.03 1.33639e-09 8.45324e-12
777.179 6.41147e-10 6.0454e-12
1008.31 3.06297e-10 3.26893e-12
1308.17 1.45863e-10 2.37428e-12
1697.21 6.82865e-11 1.23081e-12
2201.96 3.33303e-11 8.51835e-13
2856.81 2.00844e-11 5.25708e-13
3706.4 1.55015e-11 3.8361e-13
4808.67 9.95708e-12 2.456e-13
6238.74 5.93635e-12 1.51252e-13
8094.1 4.19927e-12 1.08504e-13
10501.2 2.39944e-12 6.67792e-14
13624.2 1.44292e-12 4.12585e-14
17676 8.61524e-13 2.79811e-14
22932.8 4.75539e-13 1.59392e-14
29752.8 3.02407e-13 1.14557e-14
38601.2 1.8089e-13 7.22433e-15
50080.9 9.43744e-14 4.77827e-15
64974.7 4.54437e-14 2.50535e-15
84297.8 2.20905e-14 1.69366e-15
109367 1.22646e-14 1.00988e-15
141893 7.2298e-15 7.63604e-16
184091 3.79536e-15 4.28733e-16
238838 1.92255e-15 2.801e-16
309868 1.24082e-15 1.85072e-16
402020 1.03862e-15 1.53859e-16
521579 6.50217e-16 9.68018e-17
676694 3.16952e-16 4.93279e-17
877938 1.61949e-16 4.07736e-17
