34.171 2.51302e-06 4.07948e-09
44.3332 1.20112e-06 1.2585e-09
57.5177 5.70884e-07 8.45514e-10
74.6231 2.77783e-07 4.38037e-10
96.8155 1.39919e-07 2.70431e-10
125.608 7.93891e-08 1.59487e-10
162.963 4.71795e-08 1.07466e-10
211.427 2.47375e-08 6.01995e-11
274.305 1.26374e-08 4.12193e-11
355.881 6.51438e-09 2.32931e-11
461.718 3.24183e-09 1.62869e-11
599.03 1.65615e-09 9.19413e-12
777.179 8.31651e-10 6.6007e-12
1008.31 3.97002e-10 3.46452e-12
1308.17 2.06938e-10 2.52833e-12
1697.21 1.12006e-10 1.45732e-12
2201.96 6.02337e-11 9.64268e-13
2856.81 3.60279e-11 5.9078e-13
3706.4 2.50267e-11 4.2083e-13
4808.67 1.55835e-11 2.67026e-13
6238.74 9.01005e-12 1.72524e-13
8094.1 5.76835e-12 1.14557e-13
10501.2 3.11547e-12 7.26254e-14
13624.2 1.77538e-12 4.3005e-14
17676 1.08822e-12 3.04789e-14
22932.8 5.90992e-13 1.73325e-14
29752.8 3.33194e-13 1.18635e-14
38601.2 1.91495e-13 7.29277e-15
50080.9 9.93333e-14 4.9702e-15
64974.7 4.73333e-14 2.6312e-15
84297.8 2.29916e-14 1.88608e-15
109367 1.09484e-14 1.0125e-15
141893 5.08792e-15 7.1043e-16
184091 2.50829e-15 3.83607e-16
238838 1.29134e-15 2.69595e-16
309868 6.86245e-16 1.52813e-16
402020 3.62661e-16 1.00892e-16
521579 2.17449e-16 6.07876e-17
676694 1.49154e-16 3.54068e-17
877938 9.9918e-17 3.76722e-17
