34.171 2.02895e-06 4.81862e-09
44.3332 1.07088e-06 1.6178e-09
57.5177 5.67321e-07 1.09871e-09
74.6231 3.00216e-07 6.07297e-10
96.8155 1.60272e-07 3.70845e-10
125.608 8.80358e-08 2.13208e-10
162.963 4.58305e-08 1.35135e-10
211.427 2.06377e-08 6.81563e-11
274.305 8.89781e-09 4.51754e-11
355.881 4.27645e-09 2.41774e-11
461.718 2.12189e-09 1.73139e-11
599.03 1.10208e-09 1.00415e-11
777.179 5.46481e-10 7.32965e-12
1008.31 2.07742e-10 3.40105e-12
1308.17 8.40904e-11 2.48915e-12
1697.21 3.57228e-11 1.15926e-12
2201.96 1.70285e-11 7.34398e-13
2856.81 1.41243e-11 6.05164e-13
3706.4 1.49303e-11 4.31392e-13
4808.67 1.14755e-11 3.03924e-13
6238.74 6.98912e-12 1.76116e-13
8094.1 4.69831e-12 1.18461e-13
10501.2 2.9199e-12 7.77027e-14
13624.2 1.70072e-12 4.69434e-14
17676 9.07893e-13 3.03712e-14
22932.8 4.79048e-13 1.68449e-14
29752.8 2.93246e-13 1.25045e-14
38601.2 1.61514e-13 7.43299e-15
50080.9 7.99883e-14 5.01619e-15
64974.7 3.71622e-14 2.58603e-15
84297.8 1.812e-14 1.83945e-15
109367 9.47159e-15 1.11239e-15
141893 3.9304e-15 7.48182e-16
184091 1.48172e-15 3.43483e-16
238838 6.31159e-16 2.61234e-16
309868 2.44001e-16 1.13644e-16
402020 8.17303e-17 5.56896e-17
521579 5.01749e-17 3.42176e-17
676694 5.27194e-17 2.49568e-17
877938 5.08518e-17 3.71759e-17
