34.171 1.35735e-06 5.55833e-09
44.3332 7.95103e-07 2.01906e-09
57.5177 4.67087e-07 1.18462e-09
74.6231 2.5748e-07 6.58206e-10
96.8155 1.3706e-07 3.72122e-10
125.608 7.5347e-08 2.11323e-10
162.963 4.08598e-08 1.35441e-10
211.427 2.09793e-08 7.46897e-11
274.305 1.06379e-08 5.10727e-11
355.881 5.47155e-09 2.86334e-11
461.718 2.75035e-09 1.97757e-11
599.03 1.39727e-09 1.08184e-11
777.179 7.43938e-10 7.49894e-12
1008.31 4.14813e-10 4.4769e-12
1308.17 2.19199e-10 3.05148e-12
1697.21 1.03503e-10 1.54323e-12
2201.96 5.4795e-11 1.05838e-12
2856.81 3.39245e-11 6.76682e-13
3706.4 2.14847e-11 4.53422e-13
4808.67 1.30179e-11 2.80399e-13
6238.74 7.66191e-12 1.82096e-13
8094.1 4.66715e-12 1.14417e-13
10501.2 2.67313e-12 7.51064e-14
13624.2 1.5381e-12 4.49588e-14
17676 8.95878e-13 3.08485e-14
22932.8 4.98814e-13 1.81122e-14
29752.8 2.84534e-13 1.28805e-14
38601.2 1.5458e-13 7.65282e-15
50080.9 7.0792e-14 4.97246e-15
64974.7 3.44761e-14 2.64953e-15
84297.8 2.00533e-14 2.12249e-15
109367 9.91601e-15 1.2093e-15
141893 4.04839e-15 7.98852e-16
184091 1.72702e-15 4.12731e-16
238838 6.96957e-16 2.94424e-16
309868 2.5248e-16 1.20787e-16
402020 8.87272e-17 6.34152e-17
521579 5.63059e-17 4.02413e-17
676694 6.02852e-17 2.8817e-17
877938 5.94297e-17 4.35758e-17
