34.171 3.73478e-06 4.61754e-09
44.3332 1.59133e-06 1.30521e-09
57.5177 6.70927e-07 8.93933e-10
74.6231 3.13685e-07 4.53749e-10
96.8155 1.60626e-07 3.01664e-10
125.608 9.09151e-08 1.78333e-10
162.963 5.3766e-08 1.19953e-10
211.427 2.60969e-08 6.34898e-11
274.305 1.18685e-08 4.16577e-11
355.881 5.73055e-09 2.25115e-11
461.718 2.7022e-09 1.57397e-11
599.03 1.37572e-09 9.04223e-12
777.179 6.83125e-10 6.79323e-12
1008.31 2.52436e-10 3.12598e-12
1308.17 9.55122e-11 2.20568e-12
1697.21 4.25642e-11 1.06133e-12
2201.96 2.40715e-11 7.41677e-13
2856.81 2.01589e-11 6.17161e-13
3706.4 1.83431e-11 4.15467e-13
4808.67 1.34287e-11 2.86525e-13
6238.74 8.43096e-12 1.72262e-13
8094.1 5.66374e-12 1.16041e-13
10501.2 3.4556e-12 7.53926e-14
13624.2 2.01726e-12 4.56395e-14
17676 1.10184e-12 3.00254e-14
22932.8 5.79466e-13 1.66058e-14
29752.8 3.41728e-13 1.19351e-14
38601.2 1.95747e-13 7.25208e-15
50080.9 1.07994e-13 5.06087e-15
64974.7 5.51532e-14 2.76068e-15
84297.8 2.92755e-14 1.88749e-15
109367 1.78435e-14 1.23218e-15
141893 9.13598e-15 8.17699e-16
184091 4.45208e-15 4.2301e-16
238838 2.53363e-15 2.98927e-16
309868 1.5311e-15 1.86215e-16
402020 1.04726e-15 1.36034e-16
521579 6.35868e-16 8.33607e-17
676694 3.40759e-16 4.52273e-17
877938 1.8688e-16 4.00321e-17
