34.171 3.69524e-06 4.62011e-09
44.3332 1.57555e-06 1.30716e-09
57.5177 6.60647e-07 8.91375e-10
74.6231 3.13036e-07 4.57897e-10
96.8155 1.64678e-07 3.10767e-10
125.608 8.96905e-08 1.76765e-10
162.963 5.316e-08 1.19419e-10
211.427 2.68514e-08 6.6016e-11
274.305 1.17168e-08 4.20306e-11
355.881 5.54351e-09 2.22256e-11
461.718 2.74733e-09 1.62309e-11
599.03 1.32805e-09 8.8866e-12
777.179 6.54369e-10 6.70312e-12
1008.31 2.64698e-10 3.456e-12
1308.17 8.45332e-11 2.12953e-12
1697.21 4.03189e-11 1.08794e-12
2201.96 2.57026e-11 8.17592e-13
2856.81 1.88748e-11 5.94375e-13
3706.4 1.78118e-11 4.16302e-13
4808.67 1.34064e-11 2.9571e-13
6238.74 8.439e-12 1.79823e-13
8094.1 5.3512e-12 1.14638e-13
10501.2 3.34485e-12 7.70373e-14
13624.2 1.91977e-12 4.61222e-14
17676 1.00444e-12 2.97895e-14
22932.8 5.4873e-13 1.72618e-14
29752.8 3.0975e-13 1.22624e-14
38601.2 1.63404e-13 7.01948e-15
50080.9 8.17622e-14 4.83215e-15
64974.7 3.98491e-14 2.61855e-15
84297.8 1.86456e-14 1.79544e-15
109367 8.95442e-15 9.75509e-16
141893 4.64617e-15 7.73017e-16
184091 1.64395e-15 3.86464e-16
238838 4.09475e-16 2.08837e-16
309868 1.19777e-16 7.97305e-17
402020 3.30974e-17 4.31811e-17
521579 1.94949e-17 2.55182e-17
676694 2.39898e-17 1.76959e-17
877938 2.6353e-17 2.86371e-17
