34.171 2.17705e-06 2.4646e-09
44.3332 1.04656e-06 7.62493e-10
57.5177 4.99969e-07 5.05787e-10
74.6231 2.53809e-07 2.72168e-10
96.8155 1.35081e-07 1.74525e-10
125.608 7.86176e-08 1.05368e-10
162.963 4.75981e-08 7.20781e-11
211.427 2.54232e-08 4.11361e-11
274.305 1.2928e-08 2.80902e-11
355.881 6.68808e-09 1.59316e-11
461.718 3.38731e-09 1.13343e-11
599.03 1.69578e-09 6.27077e-12
777.179 8.47729e-10 4.48374e-12
1008.31 4.21653e-10 2.44314e-12
1308.17 2.19493e-10 1.75671e-12
1697.21 1.14516e-10 1.00109e-12
2201.96 5.36419e-11 6.45637e-13
2856.81 3.08855e-11 3.83118e-13
3706.4 2.31131e-11 2.90027e-13
4808.67 1.42248e-11 1.81056e-13
6238.74 8.27485e-12 1.15503e-13
8094.1 5.54881e-12 7.99469e-14
10501.2 3.01576e-12 5.01737e-14
13624.2 1.72958e-12 2.99329e-14
17676 1.03356e-12 2.09805e-14
22932.8 5.55235e-13 1.17955e-14
29752.8 3.25416e-13 8.31464e-15
38601.2 1.88628e-13 5.17107e-15
50080.9 9.21493e-14 3.37265e-15
64974.7 4.41159e-14 1.75639e-15
84297.8 2.40721e-14 1.30995e-15
109367 1.27757e-14 7.68963e-16
141893 6.05003e-15 5.25282e-16
184091 2.75349e-15 2.68107e-16
238838 1.27089e-15 1.84638e-16
309868 6.50978e-16 1.00698e-16
402020 3.47423e-16 6.48786e-17
521579 2.23532e-16 4.1571e-17
676694 1.74957e-16 2.55636e-17
877938 1.32466e-16 3.04559e-17
