34.171 3.03502e-06 3.39983e-09
44.3332 1.36706e-06 9.89869e-10
57.5177 6.08242e-07 6.27993e-10
74.6231 2.88522e-07 3.19569e-10
96.8155 1.45925e-07 2.04893e-10
125.608 8.0525e-08 1.18588e-10
162.963 4.64397e-08 8.04681e-11
211.427 2.45495e-08 4.54454e-11
274.305 1.27532e-08 3.12093e-11
355.881 6.43956e-09 1.73391e-11
461.718 3.11551e-09 1.19773e-11
599.03 1.58485e-09 6.69954e-12
777.179 8.08374e-10 4.78645e-12
1008.31 4.07929e-10 2.6194e-12
1308.17 2.17652e-10 1.865e-12
1697.21 1.16887e-10 1.07295e-12
2201.96 6.07076e-11 7.15137e-13
2856.81 3.71338e-11 4.52176e-13
3706.4 2.43286e-11 3.17057e-13
4808.67 1.44936e-11 1.92571e-13
6238.74 8.85139e-12 1.27822e-13
8094.1 5.685e-12 8.45561e-14
10501.2 3.21273e-12 5.47761e-14
13624.2 1.85282e-12 3.29787e-14
17676 1.07156e-12 2.28899e-14
22932.8 5.61755e-13 1.27116e-14
29752.8 3.04149e-13 8.70139e-15
38601.2 1.71466e-13 5.31142e-15
50080.9 8.53656e-14 3.6033e-15
64974.7 3.89226e-14 1.82589e-15
84297.8 1.90445e-14 1.30977e-15
109367 9.76866e-15 7.53012e-16
141893 4.25437e-15 4.87119e-16
184091 2.0954e-15 2.56858e-16
238838 1.43932e-15 2.19183e-16
309868 7.68248e-16 1.25912e-16
402020 3.02697e-16 6.63684e-17
521579 1.91928e-16 4.19142e-17
676694 1.81775e-16 2.78231e-17
877938 1.61294e-16 3.81899e-17
