34.171 2.198e-06 3.704e-09
44.3332 1.05434e-06 1.14502e-09
57.5177 5.01368e-07 7.62466e-10
74.6231 2.52069e-07 4.07326e-10
96.8155 1.34502e-07 2.64453e-10
125.608 7.81146e-08 1.59414e-10
162.963 4.70557e-08 1.08345e-10
211.427 2.48968e-08 6.10932e-11
274.305 1.25519e-08 4.09517e-11
355.881 6.40111e-09 2.29917e-11
461.718 3.14362e-09 1.61314e-11
599.03 1.51519e-09 8.73155e-12
777.179 7.24105e-10 6.26202e-12
1008.31 3.42543e-10 3.28334e-12
1308.17 1.76357e-10 2.41171e-12
1697.21 9.21375e-11 1.37478e-12
2201.96 4.56844e-11 9.27875e-13
2856.81 2.56285e-11 5.35389e-13
3706.4 1.91219e-11 4.00034e-13
4808.67 1.29458e-11 2.73656e-13
6238.74 7.44035e-12 1.69516e-13
8094.1 4.75875e-12 1.11907e-13
10501.2 2.61725e-12 7.17784e-14
13624.2 1.49636e-12 4.26632e-14
17676 8.84162e-13 2.9321e-14
22932.8 4.91455e-13 1.6962e-14
29752.8 2.93761e-13 1.18819e-14
38601.2 1.60624e-13 6.9769e-15
50080.9 7.79282e-14 4.57561e-15
64974.7 3.82668e-14 2.47571e-15
84297.8 1.98362e-14 1.83193e-15
109367 9.25164e-15 9.76028e-16
141893 4.06377e-15 6.7503e-16
184091 1.92722e-15 3.60571e-16
238838 9.29592e-16 2.59348e-16
309868 4.12209e-16 1.25925e-16
402020 1.64068e-16 6.85142e-17
521579 1.04891e-16 4.37321e-17
676694 1.03288e-16 3.0693e-17
877938 9.48823e-17 4.3737e-17
