34.171 1.05656e-06 2.46118e-09
44.3332 6.47626e-07 9.37248e-10
57.5177 4.01067e-07 5.93578e-10
74.6231 2.35956e-07 3.52533e-10
96.8155 1.32526e-07 2.08315e-10
125.608 7.69258e-08 1.24662e-10
162.963 4.28177e-08 8.1585e-11
211.427 2.17467e-08 4.49707e-11
274.305 1.0614e-08 3.08326e-11
355.881 5.45703e-09 1.73312e-11
461.718 2.8564e-09 1.24867e-11
599.03 1.44209e-09 6.90909e-12
777.179 7.11415e-10 4.7554e-12
1008.31 3.64469e-10 2.61659e-12
1308.17 2.04727e-10 1.88399e-12
1697.21 1.08272e-10 1.08088e-12
2201.96 4.85913e-11 6.63259e-13
2856.81 2.79675e-11 3.91995e-13
3706.4 2.15975e-11 2.9839e-13
4808.67 1.3443e-11 1.87547e-13
6238.74 7.78877e-12 1.18198e-13
8094.1 5.2492e-12 8.20048e-14
10501.2 2.89067e-12 5.15902e-14
13624.2 1.65566e-12 3.07714e-14
17676 9.76776e-13 2.15369e-14
22932.8 5.16296e-13 1.19762e-14
29752.8 2.95827e-13 8.43309e-15
38601.2 1.68429e-13 5.1819e-15
50080.9 8.10681e-14 3.38477e-15
64974.7 3.83165e-14 1.74962e-15
84297.8 2.07666e-14 1.31715e-15
109367 1.07084e-14 7.64183e-16
141893 4.87977e-15 5.28109e-16
184091 2.01088e-15 2.58664e-16
238838 7.87283e-16 1.73555e-16
309868 3.60032e-16 8.6396e-17
402020 1.74739e-16 5.45429e-17
521579 1.10719e-16 3.46235e-17
676694 9.28618e-17 2.29039e-17
877938 7.43205e-17 2.88586e-17
