34.171 3.97969e-06 5.08676e-09
44.3332 1.70057e-06 1.42051e-09
57.5177 7.16592e-07 9.06362e-10
74.6231 3.34506e-07 4.55645e-10
96.8155 1.68874e-07 2.92433e-10
125.608 9.26344e-08 1.67124e-10
162.963 5.70718e-08 1.16423e-10
211.427 3.15859e-08 6.86617e-11
274.305 1.6178e-08 4.66968e-11
355.881 8.26441e-09 2.6167e-11
461.718 4.11395e-09 1.83827e-11
599.03 2.12605e-09 1.03256e-11
777.179 1.12901e-09 7.37032e-12
1008.31 6.08437e-10 4.24249e-12
1308.17 3.35436e-10 2.95521e-12
1697.21 1.8208e-10 1.70334e-12
2201.96 9.6108e-11 1.12775e-12
2856.81 5.63158e-11 6.84183e-13
3706.4 3.64881e-11 4.85005e-13
4808.67 2.28799e-11 3.11188e-13
6238.74 1.43115e-11 2.13405e-13
8094.1 8.5605e-12 1.32107e-13
10501.2 4.93895e-12 8.93366e-14
13624.2 2.72924e-12 5.23656e-14
17676 1.43715e-12 3.54003e-14
22932.8 7.53313e-13 1.99915e-14
29752.8 3.88628e-13 1.3717e-14
38601.2 2.0165e-13 7.71626e-15
50080.9 1.05242e-13 5.43845e-15
64974.7 5.36891e-14 3.04558e-15
84297.8 2.72851e-14 2.18138e-15
109367 1.25636e-14 1.15595e-15
141893 5.29339e-15 7.83019e-16
184091 2.17019e-15 4.04378e-16
238838 8.90512e-16 3.13599e-16
309868 2.67414e-16 1.60653e-16
402020 5.45756e-17 8.03372e-17
521579 2.60306e-17 3.8798e-17
676694 2.51677e-17 2.32392e-17
877938 2.16272e-17 3.01467e-17
