34.171 1.25239e-06 2.07414e-09
44.3332 7.37741e-07 7.60242e-10
57.5177 4.37935e-07 4.70209e-10
74.6231 2.47826e-07 2.7029e-10
96.8155 1.34906e-07 1.59175e-10
125.608 7.59185e-08 9.30225e-11
162.963 4.109e-08 6.05614e-11
211.427 2.08905e-08 3.33092e-11
274.305 1.04819e-08 2.30401e-11
355.881 5.35478e-09 1.28651e-11
461.718 2.72987e-09 9.05708e-12
599.03 1.39083e-09 5.03556e-12
777.179 6.99063e-10 3.47281e-12
1008.31 3.59823e-10 1.91352e-12
1308.17 2.01688e-10 1.36079e-12
1697.21 1.07797e-10 7.82827e-13
2201.96 5.09445e-11 4.91865e-13
2856.81 3.0132e-11 2.99267e-13
3706.4 2.18842e-11 2.20541e-13
4808.67 1.33389e-11 1.36343e-13
6238.74 7.87186e-12 8.79779e-14
8094.1 5.17284e-12 5.96611e-14
10501.2 2.84856e-12 3.79511e-14
13624.2 1.63179e-12 2.26899e-14
17676 9.52376e-13 1.5812e-14
22932.8 5.0249e-13 8.79518e-15
29752.8 2.84396e-13 6.16389e-15
38601.2 1.61291e-13 3.78335e-15
50080.9 7.83799e-14 2.51622e-15
64974.7 3.62406e-14 1.28917e-15
84297.8 1.86322e-14 9.61608e-16
109367 9.1605e-15 5.44397e-16
141893 3.832e-15 3.65132e-16
184091 1.62073e-15 1.80549e-16
238838 7.70551e-16 1.41052e-16
309868 3.24114e-16 6.81643e-17
402020 1.10207e-16 3.63692e-17
521579 6.77742e-17 2.24231e-17
676694 7.12064e-17 1.5801e-17
877938 6.86993e-17 2.33965e-17
