34.171 2.05849e-06 3.68092e-09
44.3332 1.05126e-06 1.19356e-09
57.5177 5.3533e-07 7.68106e-10
74.6231 2.6808e-07 4.06596e-10
96.8155 1.35e-07 2.51251e-10
125.608 7.62772e-08 1.48539e-10
162.963 4.49767e-08 1.03119e-10
211.427 2.45177e-08 6.00137e-11
274.305 1.32342e-08 4.26936e-11
355.881 6.92483e-09 2.44639e-11
461.718 3.4515e-09 1.71371e-11
599.03 1.79706e-09 9.73418e-12
777.179 9.34574e-10 6.91065e-12
1008.31 4.77408e-10 3.78906e-12
1308.17 2.5933e-10 2.64677e-12
1697.21 1.38168e-10 1.50281e-12
2201.96 7.32093e-11 1.00968e-12
2856.81 4.11396e-11 5.90825e-13
3706.4 2.57527e-11 4.17392e-13
4808.67 1.52727e-11 2.5556e-13
6238.74 9.01891e-12 1.71605e-13
8094.1 5.66231e-12 1.12458e-13
10501.2 2.95503e-12 7.06582e-14
13624.2 1.72001e-12 4.30648e-14
17676 1.01583e-12 3.03167e-14
22932.8 5.34051e-13 1.6777e-14
29752.8 3.12611e-13 1.20778e-14
38601.2 1.71223e-13 7.21305e-15
50080.9 7.891e-14 4.68482e-15
64974.7 3.74571e-14 2.46327e-15
84297.8 1.9687e-14 1.86502e-15
109367 9.27217e-15 9.96084e-16
141893 4.00324e-15 6.62898e-16
184091 2.00717e-15 3.69039e-16
238838 1.20152e-15 3.15615e-16
309868 5.22298e-16 1.53241e-16
402020 1.53196e-16 6.6343e-17
521579 9.82137e-17 4.22633e-17
676694 1.24894e-16 3.17902e-17
877938 1.43176e-16 5.4402e-17
