34.171 4.00885e-06 5.08642e-09
44.3332 1.71396e-06 1.42108e-09
57.5177 7.24361e-07 9.09055e-10
74.6231 3.3329e-07 4.50689e-10
96.8155 1.65912e-07 2.85921e-10
125.608 9.38031e-08 1.68431e-10
162.963 5.7323e-08 1.16305e-10
211.427 3.10069e-08 6.6915e-11
274.305 1.62813e-08 4.63079e-11
355.881 8.38135e-09 2.61247e-11
461.718 4.14099e-09 1.81883e-11
599.03 2.14804e-09 1.02375e-11
777.179 1.14212e-09 7.27022e-12
1008.31 6.20441e-10 4.21024e-12
1308.17 3.48249e-10 2.96451e-12
1697.21 1.83238e-10 1.65883e-12
2201.96 9.79071e-11 1.12254e-12
2856.81 5.6015e-11 6.68679e-13
3706.4 3.53205e-11 4.75723e-13
4808.67 2.19768e-11 3.05463e-13
6238.74 1.30327e-11 2.05475e-13
8094.1 8.12374e-12 1.33569e-13
10501.2 4.40858e-12 8.69565e-14
13624.2 2.47801e-12 5.16413e-14
17676 1.39047e-12 3.61936e-14
22932.8 6.87174e-13 1.90174e-14
29752.8 3.8538e-13 1.35124e-14
38601.2 2.21532e-13 8.38649e-15
50080.9 1.10604e-13 5.63942e-15
64974.7 5.18198e-14 2.90067e-15
84297.8 2.6595e-14 2.10007e-15
109367 1.40085e-14 1.23425e-15
141893 6.24104e-15 8.10866e-16
184091 2.79446e-15 4.03325e-16
238838 1.40597e-15 2.9263e-16
309868 7.37168e-16 1.63789e-16
402020 3.94293e-16 1.08169e-16
521579 2.58567e-16 7.07772e-17
676694 2.06003e-16 4.43607e-17
877938 1.58833e-16 5.38289e-17
