34.171 2.52845e-06 2.03799e-09
44.3332 1.18005e-06 6.13242e-10
57.5177 5.46045e-07 3.98466e-10
74.6231 2.69402e-07 2.09434e-10
96.8155 1.40405e-07 1.34432e-10
125.608 7.9764e-08 7.96302e-11
162.963 4.72069e-08 5.43121e-11
211.427 2.50826e-08 3.08592e-11
274.305 1.28651e-08 2.11643e-11
355.881 6.56163e-09 1.18718e-11
461.718 3.24083e-09 8.33722e-12
599.03 1.62689e-09 4.62515e-12
777.179 8.17611e-10 3.3163e-12
1008.31 4.0734e-10 1.8055e-12
1308.17 2.12525e-10 1.28981e-12
1697.21 1.13023e-10 7.40367e-13
2201.96 5.65967e-11 4.87995e-13
2856.81 3.3819e-11 3.00277e-13
3706.4 2.39397e-11 2.18537e-13
4808.67 1.45616e-11 1.34812e-13
6238.74 8.72586e-12 8.73696e-14
8094.1 5.76498e-12 5.9457e-14
10501.2 3.17243e-12 3.76351e-14
13624.2 1.81676e-12 2.2511e-14
17676 1.0608e-12 1.57887e-14
22932.8 5.54681e-13 8.74216e-15
29752.8 3.08308e-13 6.13047e-15
38601.2 1.7204e-13 3.721e-15
50080.9 8.20776e-14 2.46257e-15
64974.7 3.77495e-14 1.25508e-15
84297.8 1.95529e-14 9.40739e-16
109367 9.61627e-15 5.34998e-16
141893 4.07473e-15 3.67381e-16
184091 1.57195e-15 1.77398e-16
238838 6.30505e-16 1.33089e-16
309868 2.001e-16 5.98982e-17
402020 4.52889e-17 2.92869e-17
521579 2.23197e-17 1.46808e-17
676694 2.11796e-17 9.92828e-18
877938 1.80152e-17 1.30997e-17
