34.171 1.75357e-06 5.41265e-09
44.3332 9.84181e-07 1.91534e-09
57.5177 5.53283e-07 1.28415e-09
74.6231 3.02646e-07 7.24615e-10
96.8155 1.63673e-07 4.2988e-10
125.608 8.92428e-08 2.43307e-10
162.963 4.69743e-08 1.52536e-10
211.427 2.10145e-08 7.60631e-11
274.305 8.92399e-09 4.92378e-11
355.881 4.29371e-09 2.64054e-11
461.718 2.06423e-09 1.84051e-11
599.03 1.08092e-09 1.07363e-11
777.179 5.60578e-10 8.12797e-12
1008.31 1.95527e-10 3.71952e-12
1308.17 6.4416e-11 2.46428e-12
1697.21 2.55581e-11 1.06176e-12
2201.96 1.38086e-11 7.20544e-13
2856.81 1.31629e-11 6.76964e-13
3706.4 1.46011e-11 4.67609e-13
4808.67 1.1725e-11 3.33971e-13
6238.74 7.13318e-12 1.90894e-13
8094.1 4.57668e-12 1.22348e-13
10501.2 2.86768e-12 8.09891e-14
13624.2 1.67053e-12 4.89374e-14
17676 8.90743e-13 3.16134e-14
22932.8 4.66387e-13 1.73788e-14
29752.8 2.81815e-13 1.26602e-14
38601.2 1.64535e-13 7.9498e-15
50080.9 8.08889e-14 5.26451e-15
64974.7 3.67888e-14 2.6384e-15
84297.8 1.87287e-14 1.91936e-15
109367 9.94056e-15 1.17333e-15
141893 4.15136e-15 7.8776e-16
184091 1.54199e-15 3.6542e-16
238838 5.77556e-16 2.55231e-16
309868 2.31412e-16 1.12957e-16
402020 9.13327e-17 6.07835e-17
521579 5.54242e-17 3.68986e-17
676694 5.18618e-17 2.54626e-17
877938 4.52072e-17 3.46153e-17
