34.171 7.2255e-07 3.43653e-09
44.3332 5.07672e-07 1.47845e-09
57.5177 3.6364e-07 8.62922e-10
74.6231 2.21444e-07 5.11607e-10
96.8155 1.19683e-07 2.89199e-10
125.608 6.97334e-08 1.73482e-10
162.963 3.92641e-08 1.14404e-10
211.427 2.14504e-08 6.59967e-11
274.305 1.18829e-08 4.59872e-11
355.881 6.29256e-09 2.63693e-11
461.718 3.17581e-09 1.81657e-11
599.03 1.5803e-09 9.80016e-12
777.179 8.00647e-10 6.66115e-12
1008.31 4.87911e-10 4.24231e-12
1308.17 3.07442e-10 3.01078e-12
1697.21 1.46958e-10 1.57794e-12
2201.96 6.68277e-11 1.05682e-12
2856.81 3.61448e-11 6.08241e-13
3706.4 2.31493e-11 4.70509e-13
4808.67 1.29349e-11 2.74303e-13
6238.74 7.28703e-12 1.80367e-13
8094.1 4.88635e-12 1.26443e-13
10501.2 2.59423e-12 8.04755e-14
13624.2 1.45154e-12 4.74232e-14
17676 8.39175e-13 3.37283e-14
22932.8 4.33901e-13 1.8407e-14
29752.8 2.54347e-13 1.32781e-14
38601.2 1.40046e-13 7.9668e-15
50080.9 6.20484e-14 4.96266e-15
64974.7 2.99998e-14 2.62051e-15
84297.8 1.74234e-14 2.08614e-15
109367 8.41659e-15 1.15861e-15
141893 3.42216e-15 7.58732e-16
184091 1.38932e-15 3.6893e-16
238838 6.4324e-16 2.95602e-16
309868 2.36458e-16 1.29531e-16
402020 5.67643e-17 5.29631e-17
521579 4.21135e-17 3.9073e-17
676694 8.95107e-17 4.12591e-17
877938 1.65749e-16 1.07767e-16
