34.171 1.66745e-06 3.4697e-09
44.3332 8.81599e-07 1.1563e-09
57.5177 4.63915e-07 7.23819e-10
74.6231 2.40882e-07 3.93249e-10
96.8155 1.27204e-07 2.47891e-10
125.608 7.38258e-08 1.49608e-10
162.963 4.36741e-08 1.01925e-10
211.427 2.4379e-08 5.98426e-11
274.305 1.36087e-08 4.15402e-11
355.881 7.20556e-09 2.39099e-11
461.718 3.59379e-09 1.6572e-11
599.03 1.78054e-09 8.97476e-12
777.179 9.05391e-10 6.2918e-12
1008.31 5.42512e-10 3.98573e-12
1308.17 3.2818e-10 2.87149e-12
1697.21 1.55018e-10 1.49982e-12
2201.96 7.14647e-11 1.02927e-12
2856.81 3.84236e-11 5.90395e-13
3706.4 2.40253e-11 4.50501e-13
4808.67 1.34743e-11 2.62251e-13
6238.74 7.78461e-12 1.70719e-13
8094.1 5.38511e-12 1.21947e-13
10501.2 2.98567e-12 7.70262e-14
13624.2 1.72722e-12 4.64099e-14
17676 1.02685e-12 3.28032e-14
22932.8 5.44194e-13 1.82189e-14
29752.8 3.25276e-13 1.31112e-14
38601.2 1.83536e-13 7.97985e-15
50080.9 8.3364e-14 4.94014e-15
64974.7 4.19614e-14 2.66305e-15
84297.8 2.53827e-14 2.05181e-15
109367 1.39793e-14 1.21198e-15
141893 6.8616e-15 7.78369e-16
184091 3.91975e-15 4.6093e-16
238838 2.92178e-15 3.71329e-16
309868 2.09507e-15 2.72378e-16
402020 1.42794e-15 2.04856e-16
521579 8.75349e-16 1.28571e-16
676694 4.82221e-16 7.75012e-17
877938 2.70917e-16 7.06514e-17
