34.171 1.0633e-06 2.3151e-09
44.3332 6.64676e-07 8.95211e-10
57.5177 4.18421e-07 5.44398e-10
74.6231 2.45214e-07 3.19304e-10
96.8155 1.34834e-07 1.82847e-10
125.608 7.52197e-08 1.05001e-10
162.963 4.12113e-08 6.74921e-11
211.427 2.09605e-08 3.69068e-11
274.305 1.04003e-08 2.48584e-11
355.881 5.38869e-09 1.40299e-11
461.718 2.74806e-09 9.79005e-12
599.03 1.36021e-09 5.28865e-12
777.179 6.87525e-10 3.67756e-12
1008.31 3.63488e-10 2.0997e-12
1308.17 1.91805e-10 1.45984e-12
1697.21 9.83086e-11 8.05316e-13
2201.96 4.86644e-11 5.24027e-13
2856.81 2.96765e-11 3.28234e-13
3706.4 2.08973e-11 2.33182e-13
4808.67 1.31691e-11 1.48597e-13
6238.74 7.93881e-12 9.64586e-14
8094.1 4.93149e-12 6.16985e-14
10501.2 2.77077e-12 3.99047e-14
13624.2 1.5856e-12 2.38206e-14
17676 9.2119e-13 1.65042e-14
22932.8 4.95922e-13 9.35936e-15
29752.8 2.76676e-13 6.44356e-15
38601.2 1.58738e-13 3.99072e-15
50080.9 7.74587e-14 2.6416e-15
64974.7 3.65452e-14 1.37654e-15
84297.8 1.88193e-14 1.01934e-15
109367 9.16352e-15 5.68424e-16
141893 3.94025e-15 3.86972e-16
184091 1.71166e-15 1.9668e-16
238838 7.81654e-16 1.48044e-16
309868 3.2477e-16 7.01758e-17
402020 1.13729e-16 3.78164e-17
521579 7.04421e-17 2.34558e-17
676694 7.41606e-17 1.64959e-17
877938 7.1762e-17 2.44793e-17
