34.171 2.17698e-06 2.46465e-09
44.3332 1.04655e-06 7.62524e-10
57.5177 4.99972e-07 5.05808e-10
74.6231 2.53813e-07 2.72194e-10
96.8155 1.35084e-07 1.74583e-10
125.608 7.86208e-08 1.05408e-10
162.963 4.76006e-08 7.21145e-11
211.427 2.54288e-08 4.11654e-11
274.305 1.29358e-08 2.8124e-11
355.881 6.69179e-09 1.59498e-11
461.718 3.3878e-09 1.13422e-11
599.03 1.69544e-09 6.27516e-12
777.179 8.4731e-10 4.49084e-12
1008.31 4.21123e-10 2.44478e-12
1308.17 2.18805e-10 1.75318e-12
1697.21 1.14394e-10 9.99174e-13
2201.96 5.38638e-11 6.4304e-13
2856.81 3.12343e-11 3.83208e-13
3706.4 2.35595e-11 2.86912e-13
4808.67 1.47803e-11 1.81031e-13
6238.74 8.85269e-12 1.14021e-13
8094.1 6.12575e-12 8.049e-14
10501.2 3.46559e-12 5.03229e-14
13624.2 2.01828e-12 3.03398e-14
17676 1.19379e-12 2.09772e-14
22932.8 6.49895e-13 1.18994e-14
29752.8 3.91294e-13 8.43067e-15
38601.2 2.37427e-13 5.40693e-15
50080.9 1.24071e-13 3.56327e-15
64974.7 6.3187e-14 1.93e-15
84297.8 3.63777e-14 1.4051e-15
109367 2.14162e-14 8.78473e-16
141893 1.16494e-14 5.99572e-16
184091 6.47273e-15 3.49868e-16
238838 3.95849e-15 2.54615e-16
309868 2.44412e-15 1.62313e-16
402020 1.51692e-15 1.11254e-16
521579 9.22869e-16 6.81232e-17
676694 5.49775e-16 3.90264e-17
877938 3.2876e-16 3.75126e-17
