34.171 1.0889e-06 4.71355e-09
44.3332 6.87368e-07 1.84418e-09
57.5177 4.37278e-07 1.16408e-09
74.6231 2.52329e-07 6.7401e-10
96.8155 1.36307e-07 3.76587e-10
125.608 7.56888e-08 2.15084e-10
162.963 4.07575e-08 1.35878e-10
211.427 2.01642e-08 7.25251e-11
274.305 9.92145e-09 4.90827e-11
355.881 5.19774e-09 2.79407e-11
461.718 2.66649e-09 1.93646e-11
599.03 1.34177e-09 1.06439e-11
777.179 6.72652e-10 7.3868e-12
1008.31 3.37339e-10 4.0253e-12
1308.17 1.78469e-10 2.87234e-12
1697.21 9.38756e-11 1.59655e-12
2201.96 5.07002e-11 1.032e-12
2856.81 3.19779e-11 6.62045e-13
3706.4 2.23615e-11 4.57143e-13
4808.67 1.42887e-11 2.94946e-13
6238.74 8.43745e-12 1.8905e-13
8094.1 5.24642e-12 1.21128e-13
10501.2 2.9439e-12 7.81773e-14
13624.2 1.65009e-12 4.54791e-14
17676 9.9868e-13 3.19412e-14
22932.8 5.59883e-13 1.87857e-14
29752.8 3.05192e-13 1.2529e-14
38601.2 1.72309e-13 7.56484e-15
50080.9 9.01955e-14 5.18518e-15
64974.7 4.49121e-14 2.86362e-15
84297.8 2.17316e-14 2.03536e-15
109367 9.48703e-15 1.02632e-15
141893 4.24697e-15 7.41053e-16
184091 1.87383e-15 3.85265e-16
238838 7.03272e-16 2.41719e-16
309868 3.51544e-16 1.29633e-16
402020 2.4368e-16 1.09755e-16
521579 1.35216e-16 6.3597e-17
676694 6.38798e-17 3.50545e-17
877938 3.11246e-17 2.78201e-17
