34.171 1.26819e-06 4.19722e-09
44.3332 7.56403e-07 1.56083e-09
57.5177 4.55303e-07 1.00207e-09
74.6231 2.54201e-07 5.69132e-10
96.8155 1.35755e-07 3.26291e-10
125.608 7.61663e-08 1.89787e-10
162.963 4.07575e-08 1.21587e-10
211.427 2.02151e-08 6.55087e-11
274.305 9.98524e-09 4.535e-11
355.881 5.13005e-09 2.54196e-11
461.718 2.63887e-09 1.78643e-11
599.03 1.36998e-09 1.01218e-11
777.179 6.91164e-10 7.02713e-12
1008.31 3.38424e-10 3.7131e-12
1308.17 1.85225e-10 2.6692e-12
1697.21 1.01374e-10 1.54503e-12
2201.96 5.31385e-11 9.82619e-13
2856.81 3.20242e-11 6.03192e-13
3706.4 2.30468e-11 4.29811e-13
4808.67 1.45819e-11 2.75239e-13
6238.74 8.43736e-12 1.75179e-13
8094.1 5.45266e-12 1.16907e-13
10501.2 2.99619e-12 7.42301e-14
13624.2 1.71057e-12 4.40336e-14
17676 1.03649e-12 3.10842e-14
22932.8 5.57674e-13 1.75717e-14
29752.8 3.11358e-13 1.20723e-14
38601.2 1.76992e-13 7.37073e-15
50080.9 9.05533e-14 5.01809e-15
64974.7 4.29541e-14 2.65251e-15
84297.8 2.11412e-14 1.93946e-15
109367 9.61465e-15 1.02484e-15
141893 4.08328e-15 7.11084e-16
184091 1.76304e-15 3.55016e-16
238838 7.29257e-16 2.34448e-16
309868 3.90123e-16 1.3336e-16
402020 2.67843e-16 1.07824e-16
521579 1.4897e-16 6.22067e-17
676694 7.16637e-17 3.41959e-17
877938 3.54436e-17 2.75154e-17
