34.171 1.6672e-06 3.4694e-09
44.3332 8.81466e-07 1.1562e-09
57.5177 4.6385e-07 7.23803e-10
74.6231 2.40861e-07 3.93269e-10
96.8155 1.27206e-07 2.47953e-10
125.608 7.38256e-08 1.49644e-10
162.963 4.36662e-08 1.01928e-10
211.427 2.43743e-08 5.98446e-11
274.305 1.36083e-08 4.15519e-11
355.881 7.20493e-09 2.39149e-11
461.718 3.59275e-09 1.65711e-11
599.03 1.77983e-09 8.97343e-12
777.179 9.04974e-10 6.29095e-12
1008.31 5.42265e-10 3.98652e-12
1308.17 3.28145e-10 2.87796e-12
1697.21 1.54815e-10 1.5026e-12
2201.96 7.12112e-11 1.03094e-12
2856.81 3.81385e-11 5.90597e-13
3706.4 2.37384e-11 4.54223e-13
4808.67 1.31599e-11 2.6309e-13
6238.74 7.47717e-12 1.7402e-13
8094.1 5.04621e-12 1.2258e-13
10501.2 2.70023e-12 7.8047e-14
13624.2 1.52361e-12 4.62349e-14
17676 8.89441e-13 3.27881e-14
22932.8 4.63728e-13 1.79785e-14
29752.8 2.73661e-13 1.28887e-14
38601.2 1.52158e-13 7.78256e-15
50080.9 6.83191e-14 4.87157e-15
64974.7 3.3222e-14 2.5826e-15
84297.8 1.92797e-14 2.04431e-15
109367 9.33482e-15 1.12551e-15
141893 3.73612e-15 7.05837e-16
184091 1.69103e-15 3.55151e-16
238838 9.55492e-16 2.8711e-16
309868 4.9547e-16 1.61776e-16
402020 2.09822e-16 9.16931e-17
521579 1.46911e-16 6.38022e-17
676694 1.65332e-16 4.83e-17
877938 1.72923e-16 7.75735e-17
