34.171 2.51399e-06 4.08041e-09
44.3332 1.20145e-06 1.25867e-09
57.5177 5.70992e-07 8.4561e-10
74.6231 2.7776e-07 4.37972e-10
96.8155 1.39832e-07 2.70253e-10
125.608 7.93403e-08 1.5938e-10
162.963 4.71745e-08 1.07435e-10
211.427 2.47432e-08 6.01975e-11
274.305 1.26448e-08 4.12215e-11
355.881 6.51797e-09 2.32923e-11
461.718 3.24232e-09 1.62782e-11
599.03 1.65575e-09 9.18751e-12
777.179 8.31053e-10 6.59772e-12
1008.31 3.96502e-10 3.46129e-12
1308.17 2.06448e-10 2.52332e-12
1697.21 1.11928e-10 1.45483e-12
2201.96 6.03966e-11 9.59163e-13
2856.81 3.64099e-11 5.9047e-13
3706.4 2.55817e-11 4.17286e-13
4808.67 1.62292e-11 2.67595e-13
6238.74 9.62456e-12 1.70852e-13
8094.1 6.34147e-12 1.15541e-13
10501.2 3.55935e-12 7.32468e-14
13624.2 2.04873e-12 4.36997e-14
17676 1.23302e-12 3.05878e-14
22932.8 6.70115e-13 1.73874e-14
29752.8 3.81107e-13 1.19034e-14
38601.2 2.26185e-13 7.471e-15
50080.9 1.24286e-13 5.14317e-15
64974.7 6.24103e-14 2.79878e-15
84297.8 3.16221e-14 1.94378e-15
109367 1.67563e-14 1.1093e-15
141893 9.22778e-15 7.96467e-16
184091 5.24874e-15 4.80178e-16
238838 3.14905e-15 3.5432e-16
309868 1.73479e-15 2.0622e-16
402020 8.40559e-16 1.2356e-16
521579 4.98741e-16 7.36406e-17
676694 3.54964e-16 4.47166e-17
877938 2.44739e-16 4.89936e-17
