34.171 1.16511e-06 3.89676e-09
44.3332 6.88546e-07 1.43519e-09
57.5177 4.08942e-07 9.0479e-10
74.6231 2.33819e-07 5.25399e-10
96.8155 1.31384e-07 3.14503e-10
125.608 7.62347e-08 1.88018e-10
162.963 4.25718e-08 1.22072e-10
211.427 2.16984e-08 6.69285e-11
274.305 1.07399e-08 4.51954e-11
355.881 5.43825e-09 2.51685e-11
461.718 2.69667e-09 1.76634e-11
599.03 1.29788e-09 9.48225e-12
777.179 6.10131e-10 6.56228e-12
1008.31 2.9865e-10 3.47822e-12
1308.17 1.68417e-10 2.57083e-12
1697.21 8.95447e-11 1.48171e-12
2201.96 4.23043e-11 9.48629e-13
2856.81 2.37226e-11 5.45109e-13
3706.4 1.83263e-11 4.09957e-13
4808.67 1.25677e-11 2.82768e-13
6238.74 7.20382e-12 1.73546e-13
8094.1 4.60739e-12 1.14459e-13
10501.2 2.53277e-12 7.32882e-14
13624.2 1.44538e-12 4.35199e-14
17676 8.51929e-13 3.001e-14
22932.8 4.7019e-13 1.72798e-14
29752.8 2.77284e-13 1.20686e-14
38601.2 1.511e-13 7.07581e-15
50080.9 7.38176e-14 4.69047e-15
64974.7 3.60722e-14 2.53697e-15
84297.8 1.84858e-14 1.88273e-15
109367 8.40528e-15 9.95871e-16
141893 3.57312e-15 6.95901e-16
184091 1.57176e-15 3.5882e-16
238838 6.71433e-16 2.52758e-16
309868 2.70429e-16 1.16677e-16
402020 9.87998e-17 6.64287e-17
521579 5.99999e-17 4.06606e-17
676694 5.79923e-17 2.90434e-17
877938 5.19755e-17 4.06085e-17
