34.171 1.49668e-06 4.72502e-09
44.3332 8.46452e-07 1.66349e-09
57.5177 4.81925e-07 9.921e-10
74.6231 2.59394e-07 5.44546e-10
96.8155 1.35674e-07 3.1483e-10
125.608 7.52665e-08 1.82312e-10
162.963 4.02925e-08 1.19184e-10
211.427 2.06363e-08 6.5981e-11
274.305 1.0684e-08 4.67267e-11
355.881 5.47676e-09 2.6174e-11
461.718 2.76433e-09 1.826e-11
599.03 1.44546e-09 1.02873e-11
777.179 7.63581e-10 7.081e-12
1008.31 4.12951e-10 4.06808e-12
1308.17 2.33121e-10 2.85618e-12
1697.21 1.14688e-10 1.50781e-12
2201.96 5.71795e-11 9.93109e-13
2856.81 3.44667e-11 6.19274e-13
3706.4 2.27541e-11 4.33734e-13
4808.67 1.3444e-11 2.62457e-13
6238.74 7.72776e-12 1.69787e-13
8094.1 4.88826e-12 1.11157e-13
10501.2 2.73614e-12 7.18928e-14
13624.2 1.58833e-12 4.35085e-14
17676 9.26964e-13 3.01338e-14
22932.8 5.00596e-13 1.71724e-14
29752.8 2.90958e-13 1.24475e-14
38601.2 1.59432e-13 7.44509e-15
50080.9 7.48587e-14 4.92635e-15
64974.7 3.57633e-14 2.59169e-15
84297.8 1.96185e-14 2.00722e-15
109367 1.00078e-14 1.17292e-15
141893 4.26923e-15 7.94859e-16
184091 1.68622e-15 3.77913e-16
238838 7.3413e-16 2.87923e-16
309868 2.8179e-16 1.30176e-16
402020 7.96496e-17 6.10006e-17
521579 4.70903e-17 3.61747e-17
676694 5.48728e-17 2.7198e-17
877938 5.75181e-17 4.342e-17
