34.171 3.73487e-06 4.61751e-09
44.3332 1.59146e-06 1.30529e-09
57.5177 6.71035e-07 8.94081e-10
74.6231 3.13729e-07 4.53824e-10
96.8155 1.60628e-07 3.01703e-10
125.608 9.0913e-08 1.78349e-10
162.963 5.37679e-08 1.19959e-10
211.427 2.60977e-08 6.34887e-11
274.305 1.18682e-08 4.16463e-11
355.881 5.731e-09 2.25074e-11
461.718 2.70333e-09 1.57421e-11
599.03 1.37597e-09 9.04288e-12
777.179 6.82449e-10 6.78883e-12
1008.31 2.52601e-10 3.12691e-12
1308.17 9.61236e-11 2.21647e-12
1697.21 4.25762e-11 1.06486e-12
2201.96 2.36958e-11 7.48479e-13
2856.81 1.95511e-11 6.15653e-13
3706.4 1.75249e-11 4.18463e-13
4808.67 1.25444e-11 2.85158e-13
6238.74 7.6397e-12 1.72647e-13
8094.1 5.01288e-12 1.14611e-13
10501.2 2.9915e-12 7.47884e-14
13624.2 1.74084e-12 4.51816e-14
17676 9.66623e-13 2.9951e-14
22932.8 5.1359e-13 1.6701e-14
29752.8 3.07839e-13 1.21188e-14
38601.2 1.71742e-13 7.25306e-15
50080.9 8.89119e-14 4.99927e-15
64974.7 4.19336e-14 2.59489e-15
84297.8 2.00662e-14 1.77143e-15
109367 1.11552e-14 1.1002e-15
141893 5.39136e-15 7.85656e-16
184091 2.07846e-15 3.58205e-16
238838 7.70031e-16 2.25712e-16
309868 3.9558e-16 1.21754e-16
402020 2.82921e-16 9.34139e-17
521579 1.7928e-16 5.91222e-17
676694 1.04618e-16 3.17915e-17
877938 6.19664e-17 3.01549e-17
