34.171 3.03491e-06 3.39971e-09
44.3332 1.36702e-06 9.89837e-10
57.5177 6.08222e-07 6.27958e-10
74.6231 2.88513e-07 3.19556e-10
96.8155 1.45922e-07 2.04897e-10
125.608 8.05221e-08 1.18588e-10
162.963 4.64346e-08 8.04608e-11
211.427 2.45495e-08 4.54452e-11
274.305 1.27577e-08 3.12181e-11
355.881 6.44078e-09 1.73419e-11
461.718 3.11394e-09 1.19727e-11
599.03 1.58383e-09 6.69608e-12
777.179 8.08061e-10 4.78526e-12
1008.31 4.07868e-10 2.61962e-12
1308.17 2.17767e-10 1.86714e-12
1697.21 1.16765e-10 1.0739e-12
2201.96 6.04698e-11 7.17797e-13
2856.81 3.67311e-11 4.52069e-13
3706.4 2.38121e-11 3.19222e-13
4808.67 1.39698e-11 1.92213e-13
6238.74 8.35989e-12 1.28932e-13
8094.1 5.25542e-12 8.4185e-14
10501.2 2.89334e-12 5.47415e-14
13624.2 1.65026e-12 3.26853e-14
17676 9.54711e-13 2.27032e-14
22932.8 5.06059e-13 1.27038e-14
29752.8 2.81898e-13 8.79961e-15
38601.2 1.59022e-13 5.39199e-15
50080.9 7.74654e-14 3.63979e-15
64974.7 3.44121e-14 1.83225e-15
84297.8 1.64838e-14 1.35881e-15
109367 7.61337e-15 7.51159e-16
141893 2.73077e-15 4.67338e-16
184091 1.21238e-15 2.28915e-16
238838 8.11216e-16 2.0998e-16
309868 3.73981e-16 1.09394e-16
402020 1.12679e-16 5.0732e-17
521579 6.96742e-17 3.13298e-17
676694 7.89918e-17 2.24704e-17
877938 8.1462e-17 3.51456e-17
