34.171 3.03125e-06 3.41412e-09
44.3332 1.36055e-06 9.90652e-10
57.5177 6.04174e-07 6.27722e-10
74.6231 2.89806e-07 3.22956e-10
96.8155 1.47708e-07 2.08456e-10
125.608 7.9493e-08 1.17652e-10
162.963 4.63199e-08 8.06435e-11
211.427 2.49234e-08 4.64285e-11
274.305 1.26697e-08 3.14002e-11
355.881 6.36513e-09 1.73753e-11
461.718 3.11101e-09 1.21506e-11
599.03 1.55549e-09 6.69851e-12
777.179 7.87823e-10 4.79644e-12
1008.31 4.04733e-10 2.68079e-12
1308.17 2.10216e-10 1.87783e-12
1697.21 1.127e-10 1.0751e-12
2201.96 6.15287e-11 7.40205e-13
2856.81 3.6476e-11 4.53346e-13
3706.4 2.37103e-11 3.16957e-13
4808.67 1.47096e-11 2.00916e-13
6238.74 8.91966e-12 1.33864e-13
8094.1 5.31657e-12 8.24084e-14
10501.2 3.12046e-12 5.59761e-14
13624.2 1.7706e-12 3.33394e-14
17676 9.69306e-13 2.24224e-14
22932.8 5.30831e-13 1.3042e-14
29752.8 2.91581e-13 9.0873e-15
38601.2 1.50759e-13 5.12495e-15
50080.9 7.38262e-14 3.51162e-15
64974.7 3.56308e-14 1.90522e-15
84297.8 1.69492e-14 1.36917e-15
109367 7.52169e-15 7.15197e-16
141893 3.10294e-15 4.9549e-16
184091 1.32314e-15 2.55505e-16
238838 6.26263e-16 2.1252e-16
309868 1.63341e-16 9.27049e-17
402020 2.22723e-17 3.07e-17
521579 1.11282e-17 1.55011e-17
676694 1.59204e-17 1.31819e-17
877938 1.94216e-17 2.40349e-17
