34.171 1.33602e-06 3.04425e-09
44.3332 7.41663e-07 1.06673e-09
57.5177 4.11628e-07 7.13175e-10
74.6231 2.23615e-07 4.04036e-10
96.8155 1.21201e-07 2.55227e-10
125.608 6.91983e-08 1.51834e-10
162.963 3.92703e-08 1.01531e-10
211.427 2.01559e-08 5.60084e-11
274.305 1.0083e-08 3.79255e-11
355.881 5.29575e-09 2.17376e-11
461.718 2.74277e-09 1.5523e-11
599.03 1.33575e-09 8.45237e-12
777.179 6.41017e-10 6.04528e-12
1008.31 3.06291e-10 3.26978e-12
1308.17 1.45944e-10 2.37701e-12
1697.21 6.8185e-11 1.2317e-12
2201.96 3.3126e-11 8.53178e-13
2856.81 1.99051e-11 5.25731e-13
3706.4 1.53632e-11 3.86982e-13
4808.67 9.77823e-12 2.46753e-13
6238.74 5.73548e-12 1.53738e-13
8094.1 3.97287e-12 1.08892e-13
10501.2 2.20165e-12 6.72005e-14
13624.2 1.30906e-12 4.12265e-14
17676 7.8903e-13 2.83707e-14
22932.8 4.28333e-13 1.59815e-14
29752.8 2.62766e-13 1.14086e-14
38601.2 1.50497e-13 6.99008e-15
50080.9 7.44231e-14 4.61316e-15
64974.7 3.3829e-14 2.34525e-15
84297.8 1.5552e-14 1.61867e-15
109367 7.7993e-15 9.06977e-16
141893 3.96601e-15 6.75617e-16
184091 1.80455e-15 3.48367e-16
238838 7.93189e-16 2.34975e-16
309868 4.36927e-16 1.36349e-16
402020 2.90298e-16 1.02181e-16
521579 1.87565e-16 6.5712e-17
676694 1.21393e-16 3.58029e-17
877938 7.85433e-17 3.67573e-17
