34.171 4.00782e-06 5.08548e-09
44.3332 1.71368e-06 1.42094e-09
57.5177 7.24331e-07 9.0903e-10
74.6231 3.33292e-07 4.507e-10
96.8155 1.65909e-07 2.85931e-10
125.608 9.38118e-08 1.68452e-10
162.963 5.73397e-08 1.1633e-10
211.427 3.10219e-08 6.69356e-11
274.305 1.62931e-08 4.63179e-11
355.881 8.3872e-09 2.61293e-11
461.718 4.14264e-09 1.81864e-11
599.03 2.14866e-09 1.02363e-11
777.179 1.14265e-09 7.27344e-12
1008.31 6.2027e-10 4.21025e-12
1308.17 3.4734e-10 2.96146e-12
1697.21 1.83143e-10 1.65731e-12
2201.96 9.83094e-11 1.11585e-12
2856.81 5.69249e-11 6.69192e-13
3706.4 3.65777e-11 4.71509e-13
4808.67 2.33125e-11 3.07081e-13
6238.74 1.42538e-11 2.03733e-13
8094.1 9.1442e-12 1.34753e-13
10501.2 5.11833e-12 8.70569e-14
13624.2 2.92381e-12 5.23013e-14
17676 1.64752e-12 3.65919e-14
22932.8 8.10846e-13 1.91761e-14
29752.8 4.44246e-13 1.34303e-14
38601.2 2.6244e-13 8.4707e-15
50080.9 1.41259e-13 5.8409e-15
64974.7 7.01593e-14 3.11439e-15
84297.8 3.75556e-14 2.1862e-15
109367 2.20149e-14 1.37085e-15
141893 1.16039e-14 9.26099e-16
184091 6.03049e-15 5.1072e-16
238838 3.52413e-15 3.71331e-16
309868 2.10699e-15 2.31611e-16
402020 1.30394e-15 1.64947e-16
521579 8.21294e-16 1.04642e-16
676694 5.22081e-16 6.21395e-17
877938 3.31335e-16 6.32315e-17
