34.171 2.53184e-06 2.0174e-09
44.3332 1.18251e-06 6.07579e-10
57.5177 5.478e-07 3.95554e-10
74.6231 2.69799e-07 2.0768e-10
96.8155 1.39906e-07 1.33032e-10
125.608 7.94016e-08 7.87195e-11
162.963 4.71026e-08 5.37326e-11
211.427 2.50606e-08 3.05468e-11
274.305 1.28636e-08 2.09119e-11
355.881 6.57726e-09 1.17422e-11
461.718 3.26174e-09 8.24222e-12
599.03 1.64329e-09 4.57966e-12
777.179 8.28693e-10 3.27507e-12
1008.31 4.14521e-10 1.78719e-12
1308.17 2.17713e-10 1.27864e-12
1697.21 1.15135e-10 7.32014e-13
2201.96 5.66611e-11 4.80636e-13
2856.81 3.34368e-11 2.93073e-13
3706.4 2.34242e-11 2.15008e-13
4808.67 1.40607e-11 1.31638e-13
6238.74 8.29321e-12 8.59469e-14
8094.1 5.41396e-12 5.80802e-14
10501.2 2.94771e-12 3.6912e-14
13624.2 1.68913e-12 2.20618e-14
17676 9.96099e-13 1.54042e-14
22932.8 5.3134e-13 8.63045e-15
29752.8 3.05164e-13 6.0473e-15
38601.2 1.74575e-13 3.73114e-15
50080.9 8.50799e-14 2.46687e-15
64974.7 3.96167e-14 1.26694e-15
84297.8 2.04842e-14 9.37608e-16
109367 1.03767e-14 5.36511e-16
141893 4.55684e-15 3.59562e-16
184091 2.06851e-15 1.82535e-16
238838 1.06667e-15 1.37934e-16
309868 5.35507e-16 7.46386e-17
402020 2.46717e-16 4.42239e-17
521579 1.56668e-16 2.79923e-17
676694 1.34198e-16 1.7786e-17
877938 1.09372e-16 2.26269e-17
