34.171 2.53167e-06 2.01745e-09
44.3332 1.18233e-06 6.07557e-10
57.5177 5.4768e-07 3.95574e-10
74.6231 2.69693e-07 2.07674e-10
96.8155 1.39817e-07 1.33052e-10
125.608 7.93209e-08 7.87082e-11
162.963 4.70207e-08 5.37018e-11
211.427 2.50278e-08 3.05355e-11
274.305 1.28677e-08 2.09167e-11
355.881 6.5836e-09 1.17502e-11
461.718 3.26501e-09 8.24462e-12
599.03 1.6446e-09 4.5804e-12
777.179 8.28906e-10 3.27492e-12
1008.31 4.14316e-10 1.78589e-12
1308.17 2.17269e-10 1.27599e-12
1697.21 1.15062e-10 7.30476e-13
2201.96 5.68111e-11 4.78362e-13
2856.81 3.37778e-11 2.92988e-13
3706.4 2.39275e-11 2.13134e-13
4808.67 1.46182e-11 1.31785e-13
6238.74 8.82718e-12 8.49436e-14
8094.1 5.92116e-12 5.83744e-14
10501.2 3.34138e-12 3.69959e-14
13624.2 1.94058e-12 2.23224e-14
17676 1.13544e-12 1.54332e-14
22932.8 6.07732e-13 8.6606e-15
29752.8 3.5094e-13 6.05104e-15
38601.2 2.0661e-13 3.79878e-15
50080.9 1.05982e-13 2.52997e-15
64974.7 5.20466e-14 1.33819e-15
84297.8 2.82898e-14 9.63115e-16
109367 1.60293e-14 5.86469e-16
141893 8.33864e-15 3.97934e-16
184091 4.47832e-15 2.25467e-16
238838 2.76694e-15 1.67284e-16
309868 1.68374e-15 1.05484e-16
402020 9.95416e-16 7.01158e-17
521579 6.17728e-16 4.36549e-17
676694 3.98545e-16 2.58862e-17
877938 2.55364e-16 2.6555e-17
