34.171 1.66616e-06 2.20529e-09
44.3332 8.73381e-07 7.25815e-10
57.5177 4.56867e-07 4.35717e-10
74.6231 2.42401e-07 2.39547e-10
96.8155 1.29048e-07 1.46795e-10
125.608 7.26374e-08 8.55423e-11
162.963 4.35914e-08 5.86952e-11
211.427 2.47449e-08 3.50483e-11
274.305 1.36133e-08 2.40652e-11
355.881 7.13798e-09 1.37592e-11
461.718 3.53224e-09 9.55786e-12
599.03 1.80515e-09 5.35299e-12
777.179 9.26663e-10 3.81632e-12
1008.31 5.13594e-10 2.23494e-12
1308.17 3.16621e-10 1.63211e-12
1697.21 1.62942e-10 9.32905e-13
2201.96 6.97148e-11 6.02975e-13
2856.81 3.71844e-11 3.42515e-13
3706.4 2.37172e-11 2.63174e-13
4808.67 1.41705e-11 1.63229e-13
6238.74 8.23157e-12 1.07598e-13
8094.1 4.86564e-12 6.58228e-14
10501.2 2.93879e-12 4.57192e-14
13624.2 1.67121e-12 2.73764e-14
17676 8.96372e-13 1.83676e-14
22932.8 4.95404e-13 1.07446e-14
29752.8 2.83054e-13 7.61061e-15
38601.2 1.46419e-13 4.28577e-15
50080.9 6.86788e-14 2.81068e-15
64974.7 3.43627e-14 1.55912e-15
84297.8 1.8438e-14 1.21058e-15
109367 8.22524e-15 8.80995e-16
141893 3.06033e-15 7.89257e-16
184091 1.33947e-15 1.21976e-15
238838 7.53116e-16 1.97484e-15
309868 1.69786e-16 5.21322e-14
402020 1.66147e-17 1.53039e-14
521579 4.45348e-18 4.1495e-15
676694 2.22217e-18 1.15826e-15
877938 9.76663e-19 7.48326e-16
