34.171 1.31423e-06 3.00355e-09
44.3332 7.27765e-07 1.04919e-09
57.5177 4.03039e-07 6.96022e-10
74.6231 2.23073e-07 4.00741e-10
96.8155 1.23232e-07 2.55039e-10
125.608 6.86028e-08 1.47802e-10
162.963 3.89484e-08 9.89437e-11
211.427 2.05678e-08 5.62416e-11
274.305 1.01134e-08 3.76444e-11
355.881 5.1752e-09 2.10133e-11
461.718 2.73771e-09 1.52826e-11
599.03 1.35424e-09 8.48221e-12
777.179 6.31624e-10 5.9623e-12
1008.31 2.99747e-10 3.20548e-12
1308.17 1.41963e-10 2.3176e-12
1697.21 6.92938e-11 1.2503e-12
2201.96 3.35272e-11 8.52028e-13
2856.81 2.01474e-11 5.24333e-13
3706.4 1.52673e-11 3.76688e-13
4808.67 1.01856e-11 2.50811e-13
6238.74 6.28429e-12 1.60908e-13
8094.1 3.88976e-12 1.01163e-13
10501.2 2.39227e-12 6.7384e-14
13624.2 1.41628e-12 4.1228e-14
17676 8.05672e-13 2.74679e-14
22932.8 4.62858e-13 1.6503e-14
29752.8 2.70419e-13 1.15604e-14
38601.2 1.44371e-13 6.65513e-15
50080.9 7.16681e-14 4.50309e-15
64974.7 3.36011e-14 2.40108e-15
84297.8 1.47362e-14 1.65087e-15
109367 6.34568e-15 8.51644e-16
141893 2.60925e-15 6.07803e-16
184091 1.17288e-15 3.35565e-16
238838 1.26536e-15 6.5304e-16
309868 7.57866e-19 7.32916e-15
402020 5.79556e-24 1.68143e-19
521579 4.81066e-24 1.39606e-19
676694 1.57622e-21 1.55721e-17
877938 4.47243e-19 4.57969e-15
