34.171 6.13175e-07 3.79846e-09
44.3332 4.54876e-07 1.72037e-09
57.5177 3.43107e-07 9.93351e-10
74.6231 2.14782e-07 5.94349e-10
96.8155 1.17419e-07 3.27597e-10
125.608 6.83576e-08 1.94428e-10
162.963 3.90161e-08 1.25885e-10
211.427 2.13483e-08 7.22785e-11
274.305 1.17067e-08 4.9061e-11
355.881 6.29786e-09 2.84861e-11
461.718 3.20023e-09 1.96031e-11
599.03 1.54595e-09 1.028e-11
777.179 7.86172e-10 7.06319e-12
1008.31 5.00239e-10 4.71825e-12
1308.17 3.04209e-10 3.3105e-12
1697.21 1.39178e-10 1.66897e-12
2201.96 6.46451e-11 1.15158e-12
2856.81 3.55512e-11 6.75245e-13
3706.4 2.18179e-11 5.0446e-13
4808.67 1.27154e-11 3.06054e-13
6238.74 7.40589e-12 2.04636e-13
8094.1 4.56385e-12 1.32012e-13
10501.2 2.40632e-12 8.46688e-14
13624.2 1.36332e-12 5.05276e-14
17676 8.00333e-13 3.62952e-14
22932.8 4.16175e-13 1.9903e-14
29752.8 2.4578e-13 1.44318e-14
38601.2 1.36387e-13 8.8047e-15
50080.9 5.66216e-14 5.30078e-15
64974.7 2.68627e-14 2.76031e-15
84297.8 1.5822e-14 2.2553e-15
109367 8.04206e-15 1.32203e-15
141893 3.127e-15 8.32685e-16
184091 1.26181e-15 3.81409e-16
238838 7.22026e-16 3.31776e-16
309868 2.99312e-16 1.55965e-16
402020 7.09968e-17 5.65635e-17
521579 5.18757e-17 4.09417e-17
676694 1.07853e-16 4.37786e-17
877938 1.95325e-16 1.13349e-16
