34.171 2.53179e-06 2.01731e-09
44.3332 1.18247e-06 6.0756e-10
57.5177 5.47774e-07 3.9561e-10
74.6231 2.69783e-07 2.07719e-10
96.8155 1.39896e-07 1.33088e-10
125.608 7.9397e-08 7.87494e-11
162.963 4.71021e-08 5.37299e-11
211.427 2.50634e-08 3.05468e-11
274.305 1.28685e-08 2.09149e-11
355.881 6.57916e-09 1.17435e-11
461.718 3.26133e-09 8.24161e-12
599.03 1.64263e-09 4.57845e-12
777.179 8.28241e-10 3.27453e-12
1008.31 4.14024e-10 1.78585e-12
1308.17 2.17081e-10 1.27578e-12
1697.21 1.14998e-10 7.30508e-13
2201.96 5.68272e-11 4.7858e-13
2856.81 3.3787e-11 2.93116e-13
3706.4 2.39145e-11 2.1309e-13
4808.67 1.46061e-11 1.31726e-13
6238.74 8.82037e-12 8.49267e-14
8094.1 5.91731e-12 5.83703e-14
10501.2 3.34008e-12 3.69999e-14
13624.2 1.94027e-12 2.2331e-14
17676 1.13555e-12 1.54477e-14
22932.8 6.0787e-13 8.66988e-15
29752.8 3.51021e-13 6.05709e-15
38601.2 2.06658e-13 3.80197e-15
50080.9 1.06002e-13 2.53033e-15
64974.7 5.20563e-14 1.3383e-15
84297.8 2.82963e-14 9.63166e-16
109367 1.60327e-14 5.86495e-16
141893 8.33969e-15 3.97944e-16
184091 4.47889e-15 2.25475e-16
238838 2.76749e-15 1.67306e-16
309868 1.68419e-15 1.05503e-16
402020 9.95794e-16 7.01258e-17
521579 6.17942e-16 4.36606e-17
676694 3.98617e-16 2.58939e-17
877938 2.55374e-16 2.65599e-17
