34.171 2.84332e-06 4.28582e-09
44.3332 1.30531e-06 1.26816e-09
57.5177 5.94967e-07 8.10201e-10
74.6231 2.82014e-07 4.11421e-10
96.8155 1.40254e-07 2.58961e-10
125.608 7.86802e-08 1.52097e-10
162.963 4.6389e-08 1.0454e-10
211.427 2.48811e-08 5.99185e-11
274.305 1.31357e-08 4.20033e-11
355.881 6.74477e-09 2.37002e-11
461.718 3.33084e-09 1.66208e-11
599.03 1.71135e-09 9.33616e-12
777.179 8.89537e-10 6.6629e-12
1008.31 4.65956e-10 3.78102e-12
1308.17 2.49119e-10 2.69963e-12
1697.21 1.21216e-10 1.41941e-12
2201.96 6.22986e-11 9.71131e-13
2856.81 3.74816e-11 6.07094e-13
3706.4 2.41074e-11 4.25331e-13
4808.67 1.40383e-11 2.54952e-13
6238.74 7.99809e-12 1.65713e-13
8094.1 5.03438e-12 1.08155e-13
10501.2 2.81529e-12 7.01062e-14
13624.2 1.64246e-12 4.25857e-14
17676 9.71144e-13 2.96306e-14
22932.8 5.27046e-13 1.69261e-14
29752.8 3.05011e-13 1.21098e-14
38601.2 1.69462e-13 7.29729e-15
50080.9 8.23231e-14 4.89346e-15
64974.7 3.94959e-14 2.57806e-15
84297.8 2.11872e-14 1.94188e-15
109367 1.07821e-14 1.1172e-15
141893 4.53243e-15 7.20704e-16
184091 2.07261e-15 3.64475e-16
238838 1.24248e-15 3.08119e-16
309868 5.69553e-16 1.56933e-16
402020 1.74692e-16 7.0037e-17
521579 1.05537e-16 4.22346e-17
676694 1.16038e-16 3.08426e-17
877938 1.1608e-16 4.72637e-17
