34.171 1.47458e-06 4.22902e-09
44.3332 8.32181e-07 1.486e-09
57.5177 4.66717e-07 8.74991e-10
74.6231 2.53297e-07 4.8279e-10
96.8155 1.36845e-07 2.82168e-10
125.608 7.39491e-08 1.58249e-10
162.963 3.90377e-08 1.00164e-10
211.427 1.99652e-08 5.48075e-11
274.305 1.02159e-08 3.70473e-11
355.881 5.24168e-09 2.07028e-11
461.718 2.57768e-09 1.4018e-11
599.03 1.28317e-09 7.58235e-12
777.179 6.57684e-10 5.24853e-12
1008.31 3.51847e-10 3.00728e-12
1308.17 1.89566e-10 2.06992e-12
1697.21 9.87116e-11 1.14821e-12
2201.96 5.15059e-11 7.59959e-13
2856.81 3.20723e-11 4.87288e-13
3706.4 2.11435e-11 3.36659e-13
4808.67 1.28993e-11 2.09041e-13
6238.74 7.80135e-12 1.3795e-13
8094.1 4.80572e-12 8.77817e-14
10501.2 2.71438e-12 5.76651e-14
13624.2 1.52804e-12 3.39325e-14
17676 8.78547e-13 2.34089e-14
22932.8 4.77904e-13 1.34279e-14
29752.8 2.63683e-13 9.16735e-15
38601.2 1.50235e-13 5.65711e-15
50080.9 7.33503e-14 3.79168e-15
64974.7 3.35304e-14 1.96182e-15
84297.8 1.61833e-14 1.4635e-15
109367 7.0238e-15 7.75368e-16
141893 2.46245e-15 4.89383e-16
184091 1.10749e-15 2.48739e-16
238838 8.74278e-16 2.90896e-16
309868 2.15135e-16 1.072e-16
402020 1.4788e-17 1.67876e-17
521579 8.18763e-18 9.33599e-18
676694 2.38413e-17 1.41362e-17
877938 5.64064e-17 4.80066e-17
