34.171 9.33279e-07 3.67932e-09
44.3332 6.17778e-07 1.49962e-09
57.5177 4.15758e-07 9.09321e-10
74.6231 2.43406e-07 5.29331e-10
96.8155 1.28973e-07 2.99804e-10
125.608 7.26962e-08 1.7587e-10
162.963 3.93781e-08 1.16632e-10
211.427 2.06343e-08 6.59096e-11
274.305 1.09551e-08 4.74054e-11
355.881 5.72319e-09 2.69996e-11
461.718 2.90944e-09 1.88503e-11
599.03 1.52617e-09 1.06804e-11
777.179 7.90248e-10 7.29539e-12
1008.31 4.13796e-10 4.02904e-12
1308.17 2.37641e-10 2.76305e-12
1697.21 1.29496e-10 1.58764e-12
2201.96 6.82732e-11 1.03747e-12
2856.81 3.86932e-11 6.09155e-13
3706.4 2.46409e-11 4.28729e-13
4808.67 1.47309e-11 2.63828e-13
6238.74 8.71018e-12 1.764e-13
8094.1 5.46266e-12 1.15419e-13
10501.2 2.8331e-12 7.20763e-14
13624.2 1.65217e-12 4.40202e-14
17676 9.89941e-13 3.14665e-14
22932.8 5.10924e-13 1.7204e-14
29752.8 2.82612e-13 1.206e-14
38601.2 1.54572e-13 7.18638e-15
50080.9 7.51477e-14 4.8692e-15
64974.7 3.54085e-14 2.55981e-15
84297.8 1.74878e-14 1.86827e-15
109367 8.23104e-15 9.94006e-16
141893 3.74985e-15 6.89003e-16
184091 1.87752e-15 3.89333e-16
238838 1.13993e-15 3.5638e-16
309868 3.58141e-16 1.47405e-16
402020 5.42166e-17 4.49686e-17
521579 3.12217e-17 2.60156e-17
676694 5.39528e-17 2.56866e-17
877938 7.97389e-17 5.61467e-17
