34.171 2.5345e-06 2.01842e-09
44.3332 1.18375e-06 6.07881e-10
57.5177 5.4836e-07 3.95735e-10
74.6231 2.70118e-07 2.07808e-10
96.8155 1.40124e-07 1.33164e-10
125.608 7.95364e-08 7.88074e-11
162.963 4.71811e-08 5.37837e-11
211.427 2.51032e-08 3.05748e-11
274.305 1.28871e-08 2.09288e-11
355.881 6.58781e-09 1.17499e-11
461.718 3.26523e-09 8.24566e-12
599.03 1.64426e-09 4.58005e-12
777.179 8.28798e-10 3.27535e-12
1008.31 4.14247e-10 1.78611e-12
1308.17 2.17218e-10 1.27617e-12
1697.21 1.15026e-10 7.30544e-13
2201.96 5.67895e-11 4.78425e-13
2856.81 3.37584e-11 2.92969e-13
3706.4 2.39033e-11 2.13017e-13
4808.67 1.46057e-11 1.31731e-13
6238.74 8.82638e-12 8.49647e-14
8094.1 5.92274e-12 5.84088e-14
10501.2 3.34257e-12 3.70198e-14
13624.2 1.94141e-12 2.23382e-14
17676 1.13592e-12 1.54434e-14
22932.8 6.0802e-13 8.66847e-15
29752.8 3.51138e-13 6.06343e-15
38601.2 2.06734e-13 3.8059e-15
50080.9 1.06046e-13 2.5315e-15
64974.7 5.20749e-14 1.33878e-15
84297.8 2.83017e-14 9.6336e-16
109367 1.60338e-14 5.86544e-16
141893 8.33911e-15 3.97941e-16
184091 4.47852e-15 2.25467e-16
238838 2.76762e-15 1.67303e-16
309868 1.68422e-15 1.05499e-16
402020 9.9565e-16 7.01213e-17
521579 6.17781e-16 4.36527e-17
676694 3.98473e-16 2.58833e-17
877938 2.55255e-16 2.65459e-17
