34.171 5.84474e-07 3.13312e-09
44.3332 4.43687e-07 1.45541e-09
57.5177 3.45499e-07 9.11576e-10
74.6231 2.2407e-07 5.71728e-10
96.8155 1.23201e-07 3.18951e-10
125.608 6.8841e-08 1.83368e-10
162.963 3.70832e-08 1.17531e-10
211.427 1.84657e-08 6.31522e-11
274.305 9.09337e-09 4.26092e-11
355.881 4.86273e-09 2.47919e-11
461.718 2.52319e-09 1.74867e-11
599.03 1.22427e-09 9.40855e-12
777.179 6.16757e-10 6.9027e-12
1008.31 2.74542e-10 3.42609e-12
1308.17 1.44785e-10 2.64336e-12
1697.21 7.04225e-11 1.43147e-12
2201.96 3.12673e-11 9.24621e-13
2856.81 1.90951e-11 5.78246e-13
3706.4 1.47938e-11 4.17413e-13
4808.67 1.01795e-11 2.87597e-13
6238.74 5.63391e-12 1.7236e-13
8094.1 3.75427e-12 1.17496e-13
10501.2 2.19221e-12 7.56209e-14
13624.2 1.25508e-12 4.48888e-14
17676 6.34021e-13 2.677e-14
22932.8 4.97002e-13 2.20109e-14
29752.8 2.26688e-13 1.21798e-14
38601.2 1.32887e-13 7.59604e-15
50080.9 7.1734e-14 5.26499e-15
64974.7 3.2924e-14 2.72521e-15
84297.8 1.37746e-14 1.76652e-15
109367 6.80523e-15 9.73675e-16
141893 3.87935e-15 8.05108e-16
184091 1.66404e-15 4.32904e-16
238838 6.16371e-16 3.03175e-16
309868 1.78561e-16 1.06815e-16
402020 3.33941e-17 3.51959e-17
521579 2.24098e-17 2.3523e-17
676694 4.82594e-17 2.53898e-17
877938 8.90858e-17 6.63467e-17
