34.171 2.01768e-06 5.55644e-09
44.3332 1.06593e-06 1.84384e-09
57.5177 5.63618e-07 1.12326e-09
74.6231 2.96257e-07 6.0819e-10
96.8155 1.57363e-07 3.58007e-10
125.608 8.75086e-08 2.07658e-10
162.963 4.73635e-08 1.36553e-10
211.427 2.40988e-08 7.53216e-11
274.305 1.22638e-08 5.3093e-11
355.881 6.31624e-09 2.97428e-11
461.718 3.2477e-09 2.07076e-11
599.03 1.72487e-09 1.17438e-11
777.179 9.30094e-10 7.97333e-12
1008.31 5.21163e-10 4.67433e-12
1308.17 3.08375e-10 3.21866e-12
1697.21 1.63989e-10 1.8039e-12
2201.96 8.4967e-11 1.16811e-12
2856.81 4.87656e-11 6.93744e-13
3706.4 3.16316e-11 4.91467e-13
4808.67 2.00633e-11 3.19248e-13
6238.74 1.20823e-11 2.12208e-13
8094.1 7.65031e-12 1.39208e-13
10501.2 4.22779e-12 9.03643e-14
13624.2 2.37889e-12 5.37535e-14
17676 1.31643e-12 3.7576e-14
22932.8 6.3836e-13 1.94938e-14
29752.8 3.47014e-13 1.37518e-14
38601.2 1.98228e-13 8.4873e-15
50080.9 1.00815e-13 5.78892e-15
64974.7 4.72088e-14 2.98859e-15
84297.8 2.41989e-14 2.19492e-15
109367 1.18846e-14 1.23671e-15
141893 4.51453e-15 7.47569e-16
184091 2.02256e-15 3.72632e-16
238838 1.21193e-15 3.19585e-16
309868 5.70753e-16 1.6814e-16
402020 2.08865e-16 9.08458e-17
521579 1.26544e-16 5.55761e-17
676694 1.17277e-16 4.06432e-17
877938 1.01364e-16 5.53069e-17
