34.171 1.57386e-06 3.68784e-09
44.3332 8.7348e-07 1.27648e-09
57.5177 4.85654e-07 7.59506e-10
74.6231 2.60667e-07 4.17284e-10
96.8155 1.37708e-07 2.45879e-10
125.608 7.46765e-08 1.39774e-10
162.963 3.87537e-08 9.00599e-11
211.427 1.96998e-08 4.93233e-11
274.305 1.02797e-08 3.45821e-11
355.881 5.2241e-09 1.91969e-11
461.718 2.57493e-09 1.31151e-11
599.03 1.32887e-09 7.341e-12
777.179 6.84764e-10 5.06326e-12
1008.31 3.55422e-10 2.79996e-12
1308.17 1.99833e-10 1.9681e-12
1697.21 1.07952e-10 1.13501e-12
2201.96 5.3888e-11 7.30954e-13
2856.81 3.29006e-11 4.60253e-13
3706.4 2.21919e-11 3.26083e-13
4808.67 1.32761e-11 1.98838e-13
6238.74 7.99853e-12 1.31759e-13
8094.1 5.06912e-12 8.64024e-14
10501.2 2.81264e-12 5.60307e-14
13624.2 1.60568e-12 3.34835e-14
17676 9.23275e-13 2.32214e-14
22932.8 4.87292e-13 1.29606e-14
29752.8 2.69905e-13 8.98575e-15
38601.2 1.52788e-13 5.52116e-15
50080.9 7.54584e-14 3.7611e-15
64974.7 3.36463e-14 1.902e-15
84297.8 1.61087e-14 1.41414e-15
109367 7.31364e-15 7.79219e-16
141893 2.52681e-15 4.79422e-16
184091 1.1121e-15 2.38281e-16
238838 8.31235e-16 2.63559e-16
309868 2.38857e-16 1.10174e-16
402020 2.55905e-17 2.62964e-17
521579 1.50347e-17 1.54872e-17
676694 3.43541e-17 1.74899e-17
877938 6.55908e-17 4.70023e-17
